Thermal Neutron Capture Gammas — Target Nucleus 157Gd

Target Nucleus=157Gd
Strongest transition  Eγ=181.94+-0.00 keV    %Iγ=18.33+-1.69
Eγ
(keV)
ΔEγ
(keV)
Iγ/Iγ(max)
(%)
Δ(Iγ/Iγ(max))
 
79.51		0.00		53.19		6.18	
80.50		0.00		0.11		0.01	
97.36		0.00					
99.84		0.01					
100.79		0.00					
101.04		0.00					
114.54		0.00					
116.67		0.01					
116.76		0.00					
117.33		0.00		0.11		0.01	
118.46		0.01					
120.75		0.00					
122.16		0.02					
122.94		0.01					
124.68		0.01					
124.84		0.01					
131.82		0.01					
134.31		0.00					
134.85		0.01					
135.26		0.00		0.55		0.07	
137.20		0.00		0.11		0.01	
139.27		0.00					
139.43		0.00					
139.93		0.05					
141.18		0.01					
142.48		0.01					
142.79		0.02					
143.07		0.01					
143.99		0.00					
145.79		0.00					
146.83		0.00					
149.23		0.02					
149.91		0.01					
150.60		0.02					
151.93		0.01					
153.48		0.00					
154.87		0.00		0.22		0.02	
158.99		0.02					
160.65		0.01					
164.10		0.02					
167.40		0.00					
171.33		0.00					
172.62		0.01					
177.84		0.01					
181.94		0.00		100.00		13.04	
184.49		0.01					
185.87		0.01					
188.85		0.00		0.05		0.01	
189.13		0.01					
192.98		0.01					
193.28		0.02					
193.82		0.01					
194.88		0.01					
195.46		0.01					
196.93		0.01					
197.38		0.01					
197.73		0.01					
198.12		0.01					
198.40		0.01					
198.93		0.01					
200.12		0.01		0.05		0.01	
200.91		0.02					
203.47		0.01					
203.54		0.01					
203.72		0.01					
204.12		0.01		0.11		0.01	
205.45		0.01					
208.90		0.01					
209.01		0.01					
209.44		0.01					
210.39		0.02					
211.05		0.01					
212.85		0.02					
212.98		0.00		0.16		0.02	
214.03		0.03					
215.31		0.01					
215.90		0.00					
217.70		0.00		0.16		0.02	
218.22		0.00		0.55		0.07	
218.82		0.01					
219.02		0.01					
219.55		0.01					
220.60		0.01					
221.63		0.01					
222.30		0.02					
223.98		0.02					
224.18		0.01					
225.01		0.02					
225.66		0.01					
226.24		0.01					
226.49		0.02					
226.58		0.01					
227.97		0.01					
228.12		0.01					
229.18		0.03					
229.60		0.01					
229.90		0.01					
230.23		0.01		0.27		0.03	
231.99		0.01					
233.23		0.01					
233.58		0.01					
235.12		0.01					
235.38		0.01		0.27		0.03	
236.18		0.01		0.05		0.01	
236.91		0.02					
237.38		0.01					
239.89		0.01					
240.32		0.01					
241.31		0.02					
241.45		0.01					
242.14		0.01					
244.74		0.02					
245.42		0.01		0.05		0.01	
247.72		0.01					
248.02		0.01					
250.95		0.02					
251.41		0.02					
251.93		0.01					
252.30		0.01					
253.95		0.01		0.16		0.02	
254.32		0.01					
255.67		0.01		4.75		0.58	
256.55		0.01					
257.27		0.02					
258.63		0.01					
260.66		0.03					
261.01		0.01					
262.92		0.02					
263.89		0.01					
264.43		0.01		0.05		0.01	
265.86		0.02					
266.53		0.01					
271.44		0.02					
272.82		0.04					
272.96		0.01					
276.03		0.01					
277.55		0.01		6.16		0.79	
277.83		0.01		0.22		0.02	
278.23		0.02					
278.79		0.02					
279.29		0.01					
280.65		0.01		0.05		0.01	
280.82		0.01					
281.60		0.01					
282.73		0.01		0.44		0.07	
283.96		0.01		0.05		0.01	
284.36		0.01					
285.66		0.02					
286.24		0.01					
286.87		0.04					
287.26		0.02					
288.00		0.02					
288.08		0.02					
289.33		0.01					
290.84		0.02					
291.75		0.02					
291.90		0.01					
292.51		0.01					
295.15		0.02					
295.48		0.02					
295.68		0.01		0.05		0.01	
296.06		0.01					
298.24		0.02					
299.29		0.03					
299.61		0.01					
301.12		0.02					
301.23		0.02		0.05		0.01	
301.66		0.03					
301.80		0.01		0.05		0.01	
303.69		0.03					
303.96		0.05					
304.27		0.03					
305.48		0.04					
305.64		0.02					
306.09		0.02					
307.62		0.01					
308.20		0.40					
308.43		0.02					
308.76		0.03					
309.28		0.01					
310.10		0.03					
311.66		0.01					
312.47		0.03					
314.17		0.03					
315.00		0.03					
315.04		0.01					
315.73		0.02					
316.83		0.01		0.05		0.01	
317.02		0.03					
317.52		0.03					
318.34		0.01					
319.38		0.03					
319.86		0.02					
320.01		0.06					
320.36		0.01					
321.89		0.02					
322.14		0.02					
322.56		0.01					
323.80		0.02					
325.78		0.01					
328.28		0.01		0.11		0.01	
328.87		0.01					
329.82		0.01		0.05		0.01	
330.28		0.02					
331.21		0.03					
331.96		0.02					
332.71		0.01		0.05		0.01	
334.53		0.03					
334.73		0.03					
335.87		0.03					
336.17		0.01		0.49		0.07	
337.35		0.03					
337.77		0.03					
338.98		0.01		0.33		0.03	
341.73		0.01		0.49		0.07	
342.15		0.01		0.05		0.01	
343.21		0.01					
343.89		0.06					
345.04		0.02					
345.24		0.04					
345.79		0.01					
346.56		0.04		0.05		0.01	
347.46		0.01					
348.26		0.02					
349.11		0.02					
349.44		0.02					
349.71		0.04					
350.87		0.03					
351.07		0.04					
352.06		0.02					
353.59		0.06					
353.76		0.07					
355.12		0.05					
357.87		0.04					
358.34		0.01		0.05		0.01	
359.16		0.02					
359.60		0.01		0.05		0.01	
360.60		0.05					
360.72		0.02					
361.52		0.04					
361.84		0.05					
362.72		0.02					
363.26		0.01					
363.44		0.01					
365.06		0.01		0.87		0.10	
367.64		0.02					
368.84		0.03					
370.12		0.04					
370.44		0.05					
370.73		0.04					
371.48		0.02					
372.98		0.03					
374.09		0.03					
375.92		0.02					
376.99		0.05					
377.25		0.05					
380.34		0.02					
381.35		0.05					
381.58		0.02					
382.65		0.03					
382.98		0.02					
383.07		0.03					
385.08		0.03					
386.35		0.02					
386.83		0.02					
387.07		0.06					
387.79		0.02					
388.47		0.05					
388.83		0.02		0.16		0.02	
389.84		0.03					
391.99		0.02					
392.63		0.04					
394.62		0.06					
396.30		0.04					
396.54		0.02					
397.07		0.02					
397.88		0.03					
398.86		0.08					
399.18		0.02					
402.16		0.01		0.05		0.01	
403.23		0.02					
407.93		0.05					
408.44		0.01		0.05		0.01	
408.77		0.02		0.05		0.01	
408.95		0.03					
410.08		0.03					
410.90		0.06					
412.30		0.03					
412.47		0.03					
413.63		0.03					
414.70		0.03					
416.40		0.05					
417.07		0.03					
417.84		0.01		0.16		0.02	
418.53		0.02					
419.96		0.03					
421.17		0.01		0.05		0.01	
423.74		0.03		0.05		0.01	
424.69		0.05					
425.24		0.02					
426.53		0.05					
426.86		0.03					
427.50		0.03					
427.95		0.07					
428.23		0.06					
428.90		0.06					
429.89		0.03					
430.36		0.03					
431.23		0.06					
432.07		0.03					
432.32		0.02					
432.76		0.02					
433.23		0.02					
434.91		0.11					
435.52		0.01		0.27		0.03	
435.77		0.02		0.05		0.01	
438.57		0.02		0.05		0.01	
438.83		0.01		0.11		0.01	
439.24		0.01		0.11		0.01	
443.07		0.20					
444.01		0.06					
444.92		0.05					
445.21		0.09					
445.68		0.03					
447.65		0.15					
448.93		0.15					
450.72		0.05					
451.19		0.10					
453.18		0.02					
453.68		0.04					
454.66		0.04					
455.01		0.07		0.11		0.06	
455.17		0.02		0.16		0.02	
456.48		0.02		0.05		0.01	
457.80		0.04					
458.58		0.02		0.05		0.01	
460.51		0.01		0.11		0.01	
463.65		0.02					
464.37		0.06					
466.53		0.05					
468.44		0.03					
469.37		0.07					
472.38		0.03		0.05		0.01	
472.38		0.03		0.05		0.01	
472.83		0.02		0.11		0.01	
475.22		0.02		0.05		0.01	
475.84		0.00		0.27		0.03	
476.22		0.06		0.05		0.01	
476.74		0.07					
477.44		0.03		0.05		0.01	
477.81		0.02		0.05		0.01	
479.09		0.08					
479.63		0.01		0.60		0.08	
480.63		0.03		0.05		0.01	
482.40		0.02		0.11		0.01	
485.82		0.02		0.05		0.01	
487.49		0.02		0.05		0.01	
490.86		0.02		0.05		0.01	
491.54		0.02		0.16		0.02	
491.71		0.03		0.11		0.01	
492.09		0.06		0.05		0.01	
492.58		0.03					
493.79		0.02		0.05		0.01	
494.24		0.03		0.05		0.01	
496.26		0.06					
496.89		0.06					
498.46		0.06		0.05		0.01	
498.66		0.02		0.16		0.02	
500.07		0.04		0.05		0.01	
502.79		0.02		0.82		0.09	
505.02		0.02		0.05		0.01	
507.22		0.03					
508.81		0.03		0.05		0.01	
512.37		0.05		0.05		0.01	
515.17		0.04					
516.40		0.14					
518.80		0.06		0.05		0.01	
518.96		0.06		0.05		0.01	
520.84		0.06					
523.53		0.02		0.16		0.02	
526.18		0.10					
528.04		0.02		1.42		0.17	
528.23		0.02		0.55		0.07	
530.11		0.04		0.05		0.01	
531.91		0.02		0.11		0.01	
532.88		0.05					
533.69		0.04		0.05		0.01	
536.46		0.02		0.22		0.02	
537.09		0.06		0.05		0.01	
537.56		0.03		0.05		0.01	
538.49		0.11		0.05		0.01	
539.62		0.02		2.07		0.22	
540.35		0.20					
541.38		0.03		0.05		0.01	
542.94		0.06		0.05		0.01	
543.58		0.13					
546.03		0.06		0.05		0.01	
547.58		0.05					
550.35		0.06					
551.42		0.04		0.05		0.01	
553.53		0.06		0.05		0.01	
555.61		0.04		0.05		0.01	
556.77		0.03		0.05		0.01	
560.35		0.03		0.05		0.01	
561.53		0.05		0.05		0.01	
561.77		0.04		0.16		0.02	
562.28		0.09					
562.97		0.12					
563.32		0.05		0.05		0.01	
563.64		0.07		0.05		0.01	
565.89		0.05					
566.62		0.05					
569.80		0.04		0.05		0.01	
570.44		0.03		0.05		0.01	
571.50		0.04		0.05		0.01	
571.80		0.03		0.11		0.01	
571.80		0.03		0.11		0.01	
574.20		0.04					
578.17		0.08					
582.82		0.04		0.05		0.01	
584.39		0.04					
585.93		0.07		0.05		0.01	
586.44		0.03		0.22		0.02	
587.45		0.03		0.05		0.01	
588.06		0.03		0.11		0.01	
588.93		0.14					
590.05		0.12					
592.91		0.02		0.27		0.03	
595.11		0.07		0.05		0.01	
595.76		0.02		1.04		0.11	
596.64		0.05		0.05		0.01	
597.49		0.05		0.05		0.01	
600.08		0.06		0.05		0.01	
600.85		0.11					
601.33		0.04		0.05		0.01	
602.69		0.11					
604.33		0.04		0.05		0.01	
606.45		0.02		3.55		0.39	
607.47		0.08		0.05		0.01	
608.87		0.07					
611.90		0.04		0.05		0.01	
613.38		0.04		0.05		0.01	
615.93		0.14					
616.39		0.17					
617.90		0.10					
618.78		0.09					
619.52		0.03		0.16		0.02	
620.71		0.08		0.05		0.01	
621.86		0.04		0.05		0.01	
625.79		0.06		0.05		0.01	
627.20		0.03		0.27		0.03	
629.01		0.04		0.11		0.01	
629.01		0.04		0.11		0.01	
630.92		0.06		0.11		0.06	
631.07		0.03		0.44		0.04	
632.30		0.04		0.05		0.01	
633.34		0.15					
634.77		0.05		0.05		0.01	
635.69		0.03		0.22		0.02	
637.24		0.05		0.11		0.06	
637.47		0.02		1.58		0.18	
646.08		0.03		0.38		0.04	
647.43		0.08		0.05		0.01	
653.07		0.09		0.05		0.01	
653.57		0.09		0.05		0.01	
654.02		0.09		0.05		0.01	
654.67		0.08		0.05		0.01	
660.43		0.04		0.16		0.02	
660.86		0.11		0.05		0.01	
661.44		0.08		0.05		0.01	
664.46		0.04		0.11		0.01	
666.56		0.04		0.16		0.02	
667.18		0.07		0.05		0.01	
669.29		0.04		0.38		0.06	
672.31		0.03		0.82		0.09	
674.15		0.03		0.93		0.10	
675.45		0.03		1.09		0.11	
675.74		0.09		0.05		0.05	
678.78		0.04		0.16		0.02	
680.72		0.03		0.98		0.11	
682.64		0.13					
684.40		0.04		0.22		0.02	
686.36		0.04		0.16		0.02	
688.25		0.05		0.22		0.02	
688.86		0.03		1.69		0.19	
691.13		0.05		0.11		0.01	
692.15		0.07		0.05		0.01	
693.80		0.06		0.05		0.01	
694.67		0.06		0.05		0.01	
697.32		0.20					
697.89		0.09		0.05		0.01	
698.60		0.03		0.60		0.08	
700.61		0.05		0.11		0.01	
702.37		0.05		0.05		0.01	
704.93		0.17					
705.72		0.17					
707.55		0.03		0.82		0.09	
708.60		0.11		0.05		0.01	
710.29		0.09		0.05		0.01	
711.06		0.08		0.05		0.01	
712.52		0.05		0.16		0.02	
713.52		0.05		0.16		0.02	
714.48		0.15		0.05		0.01	
715.90		0.30					
721.47		0.15		0.05		0.01	
725.11		0.08		0.05		0.01	
727.36		0.14		0.05		0.01	
733.16		0.09		0.05		0.01	
734.31		0.17		0.05		0.01	
735.31		0.04		0.76		0.09	
736.56		0.06		0.11		0.01	
741.99		0.04		0.38		0.04	
743.08		0.03		2.02		0.22	
744.94		0.15		0.05		0.05	
746.47		0.06		0.11		0.01	
749.03		0.04		0.44		0.07	
750.16		0.04		1.69		0.19	
751.91		0.04		0.22		0.02	
756.46		0.20		0.05		0.01	
757.12		0.07		0.11		0.01	
759.41		0.05		0.16		0.06	
761.72		0.17		0.05		0.01	
762.71		0.05		0.71		0.09	
763.98		0.04		0.44		0.04	
765.35		0.05		0.22		0.02	
768.09		0.05		0.44		0.07	
768.43		0.05		2.13		0.34	
769.88		0.04		0.55		0.07	
771.80		0.12		0.05		0.01	
772.92		0.11		0.11		0.01	
774.49		0.15		0.05		0.01	
775.66		0.20		0.05		0.01	
776.98		0.05		0.44		0.07	
778.13		0.09		0.16		0.06	
779.66		0.06		0.55		0.12	
780.17		0.04		13.64		1.50	
782.31		0.04		1.80		0.20	
785.49		0.04		0.93		0.10	
786.75		0.13		0.11		0.06	
790.89		0.04		0.44		0.07	
794.73		0.07		0.16		0.06	
794.73		0.07		0.16		0.06	
795.25		0.05		0.49		0.07	
796.63		0.07		0.11		0.01	
804.01		0.12		0.05		0.01	
808.30		0.11		0.05		0.01	
810.10		0.11		0.05		0.01	
814.65		0.04		1.31		0.13	
816.42		0.04		0.87		0.10	
818.03		0.07		0.16		0.02	
819.56		0.05		0.60		0.08	
819.56		0.05		0.60		0.08	
820.08		0.04		1.69		0.19	
822.70		0.30		0.05		0.05	
824.12		0.04		1.91		0.21	
825.70		0.10		0.16		0.06	
827.11		0.13		0.11		0.01	
827.78		0.05		0.27		0.03	
829.39		0.08		0.16		0.02	
830.53		0.13		0.11		0.01	
832.89		0.01		0.44		0.07	
832.89		0.05		0.44		0.07	
835.88		0.07		0.16		0.02	
837.18		0.07		0.33		0.03	
838.31		0.10		0.11		0.01	
843.22		0.10		0.11		0.01	
846.81		0.05		0.44		0.07	
847.77		0.20		0.11		0.06	
848.31		0.06		0.16		0.02	
851.33		0.06		0.38		0.04	
852.89		0.04		2.95		0.32	
852.89		0.04		2.95		0.32	
853.29		0.12		0.22		0.11	
855.80		0.15		0.05		0.01	
858.33		0.06		0.27		0.03	
859.85		0.06		0.55		0.07	
860.40		0.06		0.33		0.06	
861.31		0.12		0.11		0.01	
863.04		0.06		0.16		0.02	
866.02		0.06		1.15		0.12	
867.75		0.05		1.20		0.12	
870.20		0.06		1.20		0.16	
870.89		0.05		3.11		0.52	
870.89		0.05		3.11		0.52	
870.89		0.05		1.85		0.32	
872.03		0.13		0.16		0.06	
875.00		0.04		2.35		0.27	
879.32		0.05		1.91		0.21	
880.49		0.20		0.11		0.06	
884.18		0.06		0.38		0.06	
886.12		0.06		0.27		0.03	
887.74		0.05		0.98		0.11	
891.24		0.07		0.33		0.06	
893.30		0.07		0.22		0.02	
896.99		0.09		0.71		0.13	
897.51		0.00		17.84		3.00	
897.62		0.05		15.98		2.05	
899.69		0.09		0.49		0.12	
902.07		0.06		0.76		0.09	
902.63		0.06		2.13		0.26	
906.49		0.05		0.87		0.10	
909.57		0.08		0.38		0.06	
910.22		0.14		0.11		0.06	
913.40		0.30		0.16		0.06	
915.03		0.05		5.84		0.66	
917.50		0.05		3.82		0.41	
917.50		0.05		3.82		0.41	
917.50		0.05		3.82		0.41	
918.21		0.11		0.38		0.06	
920.26		0.20		0.11		0.01	
922.53		0.56		0.98		0.14	
922.53		0.06		0.33		0.17	
923.72		0.17		0.11		0.01	
925.65		0.07		0.44		0.07	
930.51		0.07		0.22		0.02	
936.30		0.06		0.49		0.07	
938.53		0.11		0.16		0.02	
940.31		0.14		0.33		0.17	
941.20		0.10		0.44		0.12	
942.34		0.07		0.76		0.13	
944.18		0.00		46.64		5.15	
944.65		0.09		2.18		0.58	
948.25		0.09		0.27		0.06	
952.96		0.06		1.04		0.11	
954.31		0.06		0.93		0.10	
956.07		0.06		0.76		0.09	
960.03		0.07		0.76		0.13	
962.12		0.00		29.73		3.28	
965.97		0.07		0.55		0.07	
968.20		0.80		0.16		0.06	
972.61		0.17		0.16		0.06	
975.43		0.08		0.71		0.13	
977.14		0.00		21.06		1.97	
979.40		0.40		0.22		0.06	
982.75		0.11		0.27		0.06	
984.02		0.08		0.60		0.08	
986.87		0.06		0.93		0.10	
992.69		0.08		0.60		0.08	
994.57		0.09		0.55		0.07	
998.41		0.00		8.13		0.87	
1000.82		0.07		1.31		0.16	
1002.66		0.10		0.71		0.13	
1004.04		0.08		6.06		0.71	
1005.82		0.09		0.60		0.08	
1007.29		0.07		1.53		0.18	
1010.20		0.05		3.00		0.32	
1014.02		0.10		0.33		0.06	
1018.71		0.10		0.27		0.03	
1021.22		0.12		0.16		0.02	
1023.38		0.17		0.16		0.06	
1025.33		0.07		0.76		0.09	
1028.32		0.08		0.55		0.07	
1030.09		0.20		0.22		0.06	
1030.80		0.40		0.05		0.05	
1034.51		0.06		1.91		0.21	
1035.95		0.14		0.38		0.06	
1037.20		0.30		0.22		0.11	
1040.02		0.15		0.16		0.02	
1042.12		0.08		0.65		0.08	
1045.58		0.20		0.16		0.06	
1047.40		0.13		0.27		0.06	
1049.66		0.10		0.33		0.06	
1051.72		0.10		0.44		0.07	
1053.34		0.10		0.44		0.07	
1056.29		0.14		0.22		0.06	
1060.28		0.11		0.33		0.06	
1061.68		0.20		0.27		0.11	
1062.38		0.09		0.76		0.09	
1068.80		0.30		0.11		0.01	
1071.44		0.17		0.27		0.06	
1072.66		0.17		0.44		0.07	
1074.19		0.20		0.22		0.06	
1077.12		0.20		0.11		0.06	
1079.02		0.12		0.33		0.06	
1080.99		0.09		1.15		0.12	
1082.36		0.17		0.27		0.06	
1088.90		0.30		0.27		0.06	
1090.60		0.20		0.33		0.11	
1091.74		0.13		0.60		0.12	
1094.37		0.09		0.93		0.14	
1097.01		0.00		9.82		1.06	
1100.29		0.13		0.44		0.07	
1105.60		0.30		0.33		0.11	
1107.67		0.07		24.60		2.86	
1108.23		0.09		2.45		0.54	
1111.86		0.20		0.27		0.06	
1116.52		0.05		6.22		0.69	
1119.20		0.06		17.02		1.88	
1126.01		0.09		0.71		0.09	
1129.20		0.13		0.87		0.14	
1130.75		0.10		0.98		0.14	
1134.70		0.30		0.22		0.06	
1136.13		0.15		0.33		0.06	
1139.64		0.17		0.55		0.12	
1141.48		0.00		7.91		0.85	
1145.26		0.11		1.20		0.20	
1146.82		0.14		0.71		0.13	
1149.70		0.70		0.11		0.06	
1156.80		0.14		0.33		0.06	
1159.21		0.13		0.49		0.07	
1161.28		0.17		0.27		0.06	
1166.88		0.12		0.65		0.08	
1172.40		0.17		0.49		0.07	
1174.80		0.40		0.22		0.06	
1177.83		0.17		0.55		0.12	
1180.35		0.09		3.22		0.40	
1184.01		0.08		13.48		1.49	
1186.00		0.00		23.35		2.55	
1187.14		0.00		20.57		2.27	
1195.30		0.30		0.33		0.06	
1197.15		0.20		0.38		0.06	
1204.70		0.30		0.33		0.06	
1207.12		0.20		0.27		0.06	
1209.00		0.30		0.22		0.06	
1215.50		0.30		0.49		0.07	
1218.67		0.20		0.71		0.18	
1219.91		0.08		3.44		0.38	
1222.67		0.20		0.27		0.06	
1226.42		0.20		0.38		0.06	
1229.06		0.17		0.38		0.06	
1233.78		0.15		0.71		0.13	
1236.20		0.30		0.55		0.12	
1237.56		0.09		3.00		0.32	
1241.20		0.30		0.33		0.06	
1244.62		0.13		0.55		0.07	
1249.40		0.40		0.22		0.06	
1256.02		0.10		1.53		0.18	
1259.86		0.00		5.84		0.66	
1263.51		0.00		8.95		0.99	
1264.50		0.30		1.53		0.51	
1270.33		0.13		0.87		0.10	
1274.90		0.40		0.27		0.06	
1278.96		0.07		3.16		0.36	
1283.90		0.30		0.44		0.07	
1289.60		0.30		0.33		0.06	
1294.60		0.30		0.49		0.12	
1296.70		0.50		0.33		0.11	
1300.90		0.12		3.49		0.46	
1302.20		0.30		0.55		0.17	
1307.55		0.20		0.65		0.08	
1312.10		0.17		0.76		0.09	
1314.87		0.20		0.49		0.07	
1320.50		0.50		0.38		0.17	
1323.44		0.05		9.27		1.01	
1327.18		0.00		4.31		0.48	
1329.60		0.30		0.82		0.18	
1331.34		0.20		1.04		0.19	
1347.90		0.13		1.31		0.16	
1353.41		0.17		0.76		0.09	
1360.90		0.30		0.38		0.06	
1371.33		0.13		1.85		0.28	
1372.95		0.14		2.67		0.37	
1377.90		0.12		1.20		0.16	
1381.10		0.60		0.38		0.17	
1393.10		0.30		0.82		0.28	
1399.90		1.10		0.16		0.06	
1405.91		0.15		1.25		0.16	
1408.00		0.60		0.38		0.17	
1419.70		0.50		0.55		0.28	
1423.00		0.40		0.44		0.12	
1428.20		0.40		0.44		0.17	
1433.90		0.40		0.93		0.34	
1437.96		0.00		4.42		0.49	
1440.30		0.50		0.93		0.34	
1452.36		0.20					
1453.20		0.60		0.49		0.17	
1456.20		0.50		0.71		0.23	
1459.20		0.60		0.60		0.17	
1462.50		0.30		0.93		0.18	
1465.90		0.60		0.49		0.17	
1469.70		0.60		0.44		0.17	
1474.50		0.70		0.44		0.17	
1477.40		0.90		0.38		0.17	
1492.00		0.50		0.65		0.17	
1499.60		0.30		0.55		0.07	
1505.50		0.70		0.44		0.17	
1509.60		0.40		0.76		0.13	
1517.49		0.11		3.76		0.44	
1522.40		0.50		0.44		0.12	
1530.12		0.15		1.58		0.18	
1536.10		0.50		0.33		0.06	
1540.60		0.50		0.38		0.06	
1543.90		0.90		0.27		0.11	
1551.80		0.60		0.27		0.11	
1555.10		0.90		0.27		0.11	
1558.70		0.50		0.44		0.12	
1563.90		0.30		0.98		0.14	
1584.60		0.50		0.44		0.17	
1588.21		0.15		1.80		0.23	
1595.60		0.90		0.22		0.11	
1635.70		0.50		0.60		0.12	
1640.00		0.50		0.87		0.18	
1644.90		0.40		1.04		0.19	
1651.60		0.60		0.49		0.12	
1658.00		0.70		0.65		0.17	
1663.77		0.20		2.13		0.29	
1674.30		0.40		0.93		0.14	
1683.30		0.50		0.55		0.12	
1691.70		0.70		1.25		0.20	
1708.30		0.60		0.82		0.18	
1712.80		0.60		0.76		0.18	
1712.80		0.60		0.76		0.18	
1724.00		0.60		0.65		0.17	
1737.70		0.50		0.93		0.18	
1753.46		0.10		0.44		0.17	
1759.30		1.20		0.38		0.17	
1774.82		0.04		1.96		0.28	
1782.10		0.50		1.36		0.25	
1786.00		0.50		1.25		0.25	
1795.50		0.60		1.20		0.24	
1800.50		0.70		0.93		0.23	
1815.20		0.50		1.31		0.25	
1815.20		0.50		1.31		0.25	
1834.90		0.50		1.42		0.25	
1857.10		0.40		2.89		0.42	
1864.80		0.60		1.58		0.31	
1870.10		1.00		0.76		0.23	
1878.40		0.70		1.20		0.29	
1883.10		1.10		1.20		0.45	
1888.30		0.70		3.11		0.52	
1903.00		1.40		0.49		0.22	
1910.70		0.50		0.87		0.18	
1943.50		0.50		2.62		0.41	
1955.50		0.00					
1956.00		0.60		4.15		0.58	
1965.00		0.00					
1971.00		0.50		2.29		0.39	
1988.70		0.60		1.20		0.29	
2014.70		0.50		2.51		0.36	
2016.20		0.00					
2023.90		0.60		1.69		0.31	
2040.70		0.60		1.96		0.37	
2059.30		1.10		1.15		0.34	
2061.30		0.00					
2072.70		2.50					
2134.60		0.00					
2180.40		0.30		2.29		0.69	
2195.40		0.00					
2204.40		0.00					
2212.40		0.00					
2242.20		0.00					
2259.40		0.00					
2266.40		0.00					
2314.40		0.00					
2383.10		0.00					
2420.60		0.00					
2440.20		0.00					
2459.30		0.00					
2514.90		0.00					
2522.20		0.00					
2577.70		0.00					
2616.60		0.00					
2618.10		0.00					
2656.80		0.00					
2670.90		0.00					
2680.00		0.00					
2703.50		0.00					
2746.00		0.00					
2799.80		0.00					
2802.20		0.00					
2805.10		0.00					
2828.60		0.00					
2854.50		0.00					
2878.10		0.00					
2918.50		0.00					
2929.20		0.00					
2950.20		0.00					
2961.90		0.00					
2982.80		0.00					
3062.00		0.00					
3064.70		0.00					
3072.70		0.00					
3291.60		0.00					
3439.80		0.00					
3492.70		0.00					
3521.00		0.00					
3570.10		0.00					
3580.60		0.00					
3600.60		0.00					
3623.70		0.00					
3658.90		0.00					
3700.20		0.60		1.42		0.25	
3775.80		0.80		0.93		0.18	
3797.70		0.40		1.42		0.25	
3826.50		0.80		1.09		0.45	
3842.90		0.00					
3921.30		0.80		0.55		0.17	
3924.70		0.00					
3972.10		0.70		0.71		0.23	
3989.20		0.60		1.47		0.26	
4012.80		0.00					
4058.40		0.40		1.20		0.24	
4090.60		0.40		1.42		0.35	
4142.60		1.00		0.93		0.29	
4187.30		1.50		0.38		0.17	
4234.20		0.00					
4275.70		0.70		0.87		0.23	
4289.70		0.80		0.93		0.23	
4304.50		0.80		0.98		0.24	
4310.30		0.60		1.15		0.15	
4336.90		0.00					
4344.80		0.60		0.76		0.18	
4367.40		0.00					
4402.40		0.60		0.65		0.17	
4488.40		0.50		0.98		0.19	
4500.80		0.50		0.82		0.18	
4525.50		0.50		0.71		0.18	
4585.30		0.80		0.55		0.12	
4649.20		0.60		0.60		0.12	
4665.80		0.80		0.44		0.07	
4673.30		0.70		0.71		0.13	
4690.00		0.50		0.55		0.12	
4708.60		0.80		0.49		0.17	
4736.40		0.70		0.65		0.12	
4741.70		0.60		0.82		0.13	
4766.00		0.70		0.44		0.12	
4787.30		0.80		0.65		0.17	
4795.70		0.80		0.60		0.12	
4870.30		0.60		0.87		0.14	
4876.90		0.60		1.20		0.24	
4891.60		1.50		0.55		0.33	
4908.20		0.60		0.49		0.07	
4925.20		0.50		3.71		0.51	
4928.60		0.00					
4939.50		0.60		1.04		0.19	
4951.10		0.60		0.65		0.12	
4955.60		0.90		0.38		0.11	
4975.60		0.00					
5002.50		1.10		0.44		0.07	
5027.50		0.50		0.76		0.13	
5041.10		0.80		0.44		0.12	
5058.20		0.50		1.64		0.22	
5082.90		0.00					
5092.40		0.70		0.44		0.12	
5106.90		0.80		0.49		0.12	
5113.60		0.70		0.49		0.12	
5135.20		0.00					
5142.40		0.90		0.27		0.06	
5154.90		0.50		1.04		0.15	
5178.70		0.50		1.85		0.28	
5185.70		0.70		0.55		0.07	
5238.60		0.50		1.25		0.16	
5250.20		0.50		1.47		0.21	
5265.10		1.50		0.33		0.11	
5280.40		0.60		0.49		0.07	
5293.10		0.90		0.22		0.06	
5306.20		0.50		0.76		0.13	
5336.10		0.80		0.49		0.12	
5342.60		0.90		0.38		0.11	
5370.40		0.80		0.33		0.06	
5398.50		0.00					
5403.20		0.50		2.07		0.29	
5436.40		0.50		1.09		0.15	
5486.70		0.70		0.33		0.11	
5504.10		0.90		0.27		0.06	
5542.60		0.50		1.75		0.23	
5567.60		1.50		0.11		0.06	
5582.10		0.50		2.56		0.36	
5592.70		0.50		1.53		0.22	
5609.80		0.50		1.20		0.16	
5615.60		0.00					
5654.20		0.60		0.76		0.09	
5661.10		0.50		1.91		0.28	
5668.70		0.60		0.55		0.07	
5676.70		0.50		2.02		0.29	
5687.90		0.80		0.22		0.11	
5714.30		0.70		0.44		0.07	
5721.70		0.60		0.38		0.06	
5783.80		0.50		1.58		0.22	
5816.20		0.80		0.27		0.06	
5845.40		0.80		0.22		0.06	
5853.10		0.60		0.38		0.06	
5891.80		1.30		0.33		0.11	
5903.20		0.50		7.69		0.89	
5912.50		0.90		0.44		0.12	
5972.50		0.00					
5981.80		0.00					
5995.50		0.50		0.87		0.14	
6006.40		0.50		0.38		0.06	
6042.60		0.50		0.55		0.07	
6042.60		0.50		0.55		0.07	
6073.10		1.30		0.16		0.06	
6079.60		0.90		0.22		0.06	
6144.90		0.50		0.98		0.14	
6420.10		0.50		1.96		0.28	
6671.60		0.50		1.20		0.12	
6750.00		0.50		15.06		1.39	
6757.90		0.00					
6913.60		0.50		0.82		0.09	
6959.90		0.70		0.11		0.01	
7857.40		0.70		0.11		0.01	
	156Gd		By Target	158Gd	
