Thermal Neutron Capture Gammas — Target Nucleus 181Ta

Target Nucleus=181Ta
Strongest transition  Eγ=270.41+-0.00 keV    %Iγ=15.00+-0.90
Eγ
(keV)
ΔEγ
(keV)
Iγ/Iγ(max)
(%)
Δ(Iγ/Iγ(max))
 
16.27		0.00					
44.62		0.00		1.87		0.42	
45.68		0.00		0.60		0.34	
46.50		0.00		4.60		1.82	
47.73		0.00		0.73		0.34	
47.81		0.00		5.00		1.30	
49.21		0.00		1.00		0.34	
52.81		0.00		0.73		0.34	
53.14		0.00		2.00		0.42	
53.95		0.00		1.73		0.94	
54.08		0.00		1.33		0.41	
54.38		0.00		0.60		0.34	
54.47		0.00		2.00		0.55	
55.76		0.00		3.13		1.21	
56.68		0.00		2.73		1.01	
56.72		0.00		3.73		1.16	
57.10		0.00		1.60		0.81	
57.12		0.00		1.73		0.81	
58.12		0.00		2.00		0.81	
58.37		0.00		1.53		0.81	
58.88		0.00		1.13		0.54	
58.93		0.00		1.87		0.35	
59.26		0.00		2.93		0.82	
59.28		0.00		5.80		1.25	
59.69		0.00		1.60		0.54	
64.00		0.00		1.40		0.34	
64.28		0.00		1.00		0.40	
65.54		0.00		1.60		0.54	
65.57		0.00		3.00		0.63	
65.62		0.00		4.00		0.96	
65.67		0.00		4.20		0.97	
66.36		0.00		2.20		0.55	
66.39		0.00		1.33		0.41	
66.42		0.00		1.13		0.41	
66.47		0.00		1.13		0.41	
67.25		0.00		1.80		0.41	
67.41		0.00		2.27		0.68	
69.48		0.01		1.80		0.74	
71.90		0.00		2.27		0.62	
72.55		0.01		3.00		1.61	
72.87		0.01		1.73		0.81	
72.93		0.01		2.07		0.74	
73.24		0.01		2.27		0.94	
73.33		0.00		5.53		1.25	
73.50		0.01		2.20		1.01	
73.58		0.01		2.80		1.01	
74.27		0.00		5.53		1.37	
74.30		0.01		2.40		1.21	
75.41		0.00		3.00		0.82	
75.51		0.00		3.60		1.35	
76.56		0.01		1.13		0.54	
78.03		0.01		1.53		0.61	
79.30		0.01		1.33		0.54	
81.95		0.00		0.93		0.34	
82.00		0.01		0.80		0.40	
82.65		0.01		4.53		1.43	
82.88		0.01		1.13		0.54	
83.37		0.01		2.27		0.94	
85.29		0.02		2.00		0.74	
85.60		0.01		2.53		1.21	
86.53		0.01		1.87		0.81	
87.85		0.01		0.60		0.34	
89.12		0.01		0.73		0.34	
90.12		0.01		2.00		1.54	
90.12		0.01					
91.54		0.00		1.20		0.34	
92.48		0.00		2.53		0.37	
94.17		0.00		5.93		1.19	
95.15		0.00		3.13		0.38	
96.08		0.01		0.80		0.27	
96.59		0.01		1.13		0.21	
97.47		0.00		2.53		0.37	
97.60		0.01		0.67		0.20	
97.83		0.00		12.00		2.13	
98.56		0.02		0.60		0.34	
99.48		0.01		0.73		0.20	
99.83		0.00		12.00		1.69	
100.55		0.00		2.27		0.42	
101.44		0.01		0.60		0.27	
103.53		0.00		1.73		0.23	
104.06		0.01		0.67		0.20	
104.11		0.00		2.80		0.75	
104.48		0.00		0.80		0.14	
104.58		0.01		1.20		0.54	
105.79		0.00		1.73		0.23	
105.87		0.01		1.73		0.61	
105.96		0.01		1.53		0.61	
106.01		0.01		0.67		0.14	
107.86		0.00		5.00		0.61	
108.16		0.00		1.40		0.34	
109.77		0.01		0.93		0.54	
112.25		0.01		1.33		0.61	
114.32		0.00		23.00		3.30	
114.38		0.00		6.80		0.84	
114.68		0.00		7.40		0.80	
115.10		0.00		0.93		0.21	
117.00		0.00		1.73		0.23	
117.16		0.01		0.47		0.14	
117.67		0.01		0.60		0.14	
118.90		0.00		7.60		0.81	
119.52		0.00		1.53		0.22	
119.70		0.00		1.60		0.22	
121.53		0.00		1.20		0.15	
122.61		0.00		1.40		0.22	
122.68		0.00		3.93		0.46	
122.97		0.00		2.93		0.38	
123.61		0.00		0.60		0.14	
124.28		0.01		0.47		0.14	
125.02		0.00		1.13		0.15	
125.13		0.00		2.20		0.24	
127.17		0.00		0.47		0.14	
128.93		0.01		0.60		0.34	
129.30		0.00		0.93		0.14	
130.18		0.00		1.53		0.22	
130.51		0.01		0.33		0.13	
130.91		0.01		0.47		0.07	
131.05		0.00		0.67		0.14	
131.16		0.01		0.33		0.13	
132.23		0.01		0.33		0.07	
132.55		0.00		1.13		0.15	
132.69		0.00		1.20		0.21	
133.74		0.01		1.13		0.34	
133.88		0.00		46.00		5.71	
136.26		0.01		0.40		0.07	
137.27		0.00		0.87		0.08	
137.49		0.00		0.53		0.07	
138.60		0.02		0.60		0.34	
138.69		0.01		0.33		0.07	
139.46		0.00		5.33		0.62	
139.66		0.00		1.13		0.15	
141.24		0.00		3.33		0.57	
142.27		0.02		1.60		0.54	
143.18		0.00		10.00		2.09	
143.51		0.01		0.53		0.14	
143.68		0.00		0.87		0.14	
144.46		0.00		0.40		0.07	
144.73		0.02		0.33		0.13	
146.77		0.00		8.00		0.88	
148.39		0.00		0.80		0.08	
148.90		0.01		0.47		0.14	
149.24		0.01		0.47		0.14	
149.35		0.01		0.53		0.07	
150.14		0.00		0.60		0.08	
151.93		0.00		0.67		0.08	
152.34		0.00		0.67		0.08	
153.74		0.01		0.47		0.07	
154.09		0.00		4.40		0.48	
155.65		0.01		0.33		0.07	
156.09		0.00		10.00		1.17	
156.23		0.00		1.80		0.17	
158.93		0.01		0.40		0.07	
159.05		0.00		2.27		0.24	
159.28		0.00		0.80		0.14	
159.47		0.01		0.47		0.14	
159.64		0.02		0.47		0.14	
161.27		0.01		0.53		0.20	
163.64		0.01		0.53		0.27	
164.74		0.02		0.27		0.13	
165.06		0.00		0.87		0.14	
165.81		0.00		0.40		0.07	
166.54		0.01		0.20		0.07	
166.69		0.00		0.53		0.07	
167.41		0.00		1.20		0.15	
167.72		0.01		0.40		0.20	
168.13		0.00		0.80		0.08	
168.46		0.01		0.27		0.07	
171.50		0.03		0.20		0.20	
171.58		0.00		2.00		0.18	
171.58		0.00					
171.87		0.00		0.53		0.14	
172.46		0.00		0.47		0.07	
172.56		0.01		0.40		0.07	
173.20		0.00		58.00		5.30	
173.29		0.01		1.87		0.61	
174.27		0.00		0.40		0.07	
174.45		0.01		0.33		0.07	
174.72		0.01		0.33		0.07	
175.99		0.02		0.33		0.13	
176.16		0.00		6.60		0.89	
177.33		0.00		1.33		0.16	
178.62		0.00		3.40		0.29	
178.97		0.00		0.47		0.07	
180.27		0.01		0.67		0.20	
180.90		0.00		0.73		0.08	
180.97		0.01		0.40		0.20	
181.62		0.01		0.40		0.14	
182.75		0.00		1.87		0.17	
183.63		0.01		0.53		0.14	
184.56		0.01		0.47		0.07	
184.81		0.00		0.40		0.20	
184.86		0.01		0.33		0.07	
184.90		0.01		0.40		0.07	
185.59		0.00		0.60		0.08	
185.82		0.02		0.20		0.07	
185.92		0.01		0.33		0.07	
188.66		0.02		0.33		0.13	
189.08		0.01		0.33		0.07	
189.91		0.01		0.27		0.07	
190.34		0.00		7.93		0.77	
193.09		0.01		0.33		0.07	
193.22		0.00		0.53		0.07	
195.11		0.00		2.80		0.26	
195.33		0.00		0.67		0.08	
196.06		0.02		0.20		0.07	
196.24		0.04		0.20		0.13	
197.60		0.01		0.40		0.07	
202.95		0.01		0.27		0.07	
203.53		0.03		0.27		0.13	
204.04		0.00		1.00		0.09	
204.99		0.01		0.40		0.07	
205.66		0.02		0.27		0.13	
209.63		0.00		0.73		0.04	
210.54		0.00		3.33		0.28	
212.12		0.01		0.27		0.07	
214.21		0.00		2.27		0.19	
215.04		0.04		0.27		0.13	
216.82		0.01		0.20		0.07	
218.24		0.02		0.27		0.13	
218.55		0.01		0.27		0.07	
220.16		0.04		0.27		0.13	
220.23		0.02		0.20		0.07	
222.54		0.01		0.33		0.07	
223.76		0.01		0.73		0.08	
226.00		0.02		0.20		0.07	
227.11		0.01		0.20		0.07	
228.12		0.01		0.27		0.07	
228.71		0.00		1.33		0.16	
230.44		0.01		0.20		0.07	
231.47		0.00		0.73		0.08	
232.08		0.01		0.27		0.07	
233.24		0.09		0.73		0.20	
233.45		0.02		0.33		0.13	
233.60		0.02		0.33		0.13	
233.71		0.00		2.80		0.26	
234.28		0.01		0.33		0.07	
236.56		0.00		0.80		0.08	
237.29		0.00		1.13		0.10	
237.76		0.00		0.60		0.08	
239.51		0.01		0.27		0.07	
240.63		0.01		0.33		0.07	
242.19		0.01		0.40		0.07	
242.74		0.01		0.40		0.07	
244.81		0.00		1.53		0.16	
246.20		0.00		1.20		0.15	
247.68		0.02		0.73		0.34	
248.27		0.02		0.20		0.07	
248.70		0.01		0.20		0.01	
248.95		0.02		0.20		0.07	
249.96		0.01		0.27		0.07	
250.97		0.01		0.53		0.07	
251.32		0.01		0.40		0.07	
251.77		0.01		0.53		0.07	
251.99		0.02		0.33		0.13	
252.77		0.00		1.20		0.15	
255.61		0.01		0.33		0.07	
257.14		0.02		0.33		0.07	
257.64		0.01		0.53		0.07	
257.82		0.01		0.47		0.14	
258.55		0.01		0.33		0.07	
258.82		0.01		0.33		0.07	
259.20		0.00		1.20		0.10	
260.08		0.00		1.53		0.16	
261.18		0.03		0.13		0.07	
261.93		0.04		0.13		0.07	
262.11		0.06		0.20		0.13	
262.33		0.01		0.20		0.07	
262.67		0.02		0.20		0.07	
263.91		0.03		0.13		0.07	
267.91		0.00		0.80		0.08	
268.19		0.05		0.20		0.13	
268.71		0.01		0.47		0.07	
269.65		0.02		0.73		0.40	
269.73		0.02		0.27		0.07	
270.41		0.00		100.00		8.49	
274.86		0.00		1.33		0.16	
275.44		0.01		1.33		0.54	
276.04		0.01		0.27		0.07	
276.51		0.01		0.40		0.07	
276.71		0.00		0.93		0.09	
276.85		0.02		0.27		0.13	
277.64		0.03		0.27		0.07	
277.74		0.02		0.27		0.07	
278.24		0.01		0.40		0.07	
278.70		0.02		0.27		0.07	
279.78		0.01		0.33		0.07	
280.20		0.02		0.33		0.07	
280.44		0.01		0.27		0.02	
280.85		0.03		0.27		0.13	
281.72		0.03		0.20		0.07	
282.03		0.01		0.33		0.07	
283.43		0.02		0.80		0.40	
284.12		0.00		1.00		0.09	
284.25		0.02		0.80		0.40	
284.58		0.02		0.93		0.40	
285.17		0.03		0.20		0.07	
286.44		0.00		0.80		0.08	
286.86		0.01		0.87		0.08	
287.14		0.01		0.87		0.14	
287.76		0.01		0.47		0.07	
289.15		0.01		0.60		0.08	
289.64		0.04		0.20		0.13	
290.36		0.01		0.87		0.08	
291.90		0.02		0.40		0.20	
292.52		0.03		0.20		0.07	
293.62		0.04		0.20		0.07	
295.66		0.03		0.60		0.34	
296.54		0.01		0.80		0.14	
297.12		0.00		24.00		1.75	
298.50		0.01		0.40		0.07	
299.33		0.04		0.20		0.07	
299.33		0.04					
300.65		0.02		0.27		0.07	
306.76		0.03		0.27		0.07	
308.41		0.01		0.93		0.09	
308.68		0.02		0.20		0.07	
308.85		0.06		0.20		0.07	
310.53		0.03		0.20		0.01	
315.00		0.01		0.47		0.07	
316.16		0.01		0.67		0.08	
316.46		0.01		0.80		0.14	
317.18		0.04		0.20		0.07	
317.41		0.02		0.40		0.07	
317.62		0.03		0.53		0.27	
318.38		0.02		0.27		0.07	
319.18		0.03		0.20		0.07	
319.78		0.04		0.20		0.07	
321.36		0.01		0.40		0.07	
322.55		0.01		1.53		0.16	
323.91		0.02		0.27		0.07	
325.04		0.01		0.40		0.07	
326.02		0.02		0.40		0.07	
326.26		0.03		0.27		0.07	
330.23		0.03		0.20		0.07	
332.30		0.03		0.20		0.07	
333.28		0.04		0.40		0.07	
333.52		0.03		0.33		0.13	
336.95		0.03		0.33		0.13	
337.29		0.02		0.33		0.07	
342.54		0.02		0.20		0.07	
343.23		0.02		0.27		0.07	
343.91		0.02		0.20		0.07	
343.91		0.02					
345.28		0.01		0.53		0.07	
346.46		0.01		3.73		0.40	
346.76		0.03		0.73		0.40	
348.09		0.01		0.93		0.09	
349.94		0.01		1.33		0.10	
352.06		0.01		0.73		0.08	
355.48		0.01		0.40		0.07	
357.45		0.04		0.47		0.20	
357.74		0.02		0.20		0.13	
358.40		0.06		0.20		0.13	
359.00		0.02		0.40		0.07	
360.53		0.01		6.93		0.58	
360.99		0.03		0.80		0.40	
361.79		0.02		0.47		0.07	
362.92		0.02		0.53		0.07	
365.73		0.05		0.20		0.07	
367.36		0.03		0.33		0.07	
367.55		0.02		0.53		0.14	
368.98		0.02		0.20		0.07	
370.42		0.04		0.27		0.07	
373.88		0.01		1.87		0.17	
375.72		0.06		0.33		0.13	
377.25		0.01		4.60		0.34	
380.92		0.03		0.27		0.07	
381.49		0.03		0.47		0.07	
381.81		0.05		0.27		0.13	
382.19		0.01		2.53		0.20	
383.24		0.02		0.67		0.14	
383.61		0.04		0.13		0.13	
386.27		0.04		0.67		0.08	
389.53		0.02		0.33		0.07	
389.87		0.04		0.53		0.14	
390.40		0.03		0.27		0.07	
391.14		0.02		0.67		0.08	
391.83		0.06		0.47		0.14	
392.13		0.04		0.47		0.20	
394.01		0.03		1.13		0.60	
395.01		0.03		0.27		0.07	
396.03		0.01		0.67		0.08	
396.95		0.01		2.40		0.20	
397.21		0.05		0.53		0.33	
397.91		0.03		0.33		0.20	
398.85		0.04		1.13		0.60	
399.64		0.02		0.67		0.08	
401.22		0.01		1.73		0.17	
401.58		0.04		1.00		0.21	
402.12		0.03		0.53		0.20	
402.42		0.03		1.20		0.60	
402.62		0.01		47.00		4.12	
403.87		0.03		0.53		0.07	
405.75		0.02		0.67		0.08	
406.21		0.01		1.87		0.17	
406.89		0.01		1.40		0.16	
408.67		0.04		0.33		0.07	
408.67		0.04					
412.14		0.04		0.27		0.07	
414.45		0.03		0.60		0.14	
415.76		0.03		0.60		0.14	
416.36		0.05		0.27		0.07	
416.95		0.06		0.47		0.07	
420.41		0.01		1.33		0.10	
422.76		0.07		0.47		0.07	
423.29		0.02		0.73		0.08	
423.66		0.03		0.80		0.14	
425.34		0.13		0.20		0.07	
428.29		0.04		0.40		0.07	
431.18		0.07		0.33		0.13	
431.68		0.05		0.33		0.07	
432.33		0.03		0.53		0.07	
432.81		0.06		0.27		0.07	
432.81		0.06					
434.55		0.04		0.33		0.07	
437.37		0.04		0.27		0.07	
440.75		0.17		0.20		0.13	
443.59		0.01		1.80		0.17	
443.95		0.06		0.53		0.33	
446.76		0.08		0.33		0.13	
447.03		0.05		0.73		0.34	
448.34		0.04		0.47		0.14	
449.14		0.02		0.80		0.08	
453.74		0.06		0.40		0.07	
456.57		0.03		0.53		0.07	
461.29		0.05		0.40		0.14	
463.08		0.03		0.60		0.08	
464.56		0.05		0.60		0.08	
465.11		0.09		0.47		0.27	
466.72		0.02		1.33		0.16	
468.29		0.06		0.47		0.07	
471.33		0.08		0.47		0.14	
473.80		0.02		2.00		0.23	
474.60		0.06		0.93		0.40	
476.07		0.04		0.93		0.21	
477.38		0.02		1.40		0.22	
478.69		0.02		1.53		0.22	
480.02		0.02		2.07		0.36	
480.02		0.02					
481.24		0.02		4.00		0.65	
482.17		0.07		0.80		0.40	
483.67		0.09		0.60		0.08	
488.44		0.07		0.47		0.14	
488.89		0.08		0.47		0.20	
489.52		0.02		1.40		0.16	
490.00		0.05		0.87		0.14	
491.26		0.07		0.60		0.20	
495.05		0.02		1.53		0.35	
496.73		0.05		0.53		0.07	
499.05		0.04		1.73		0.35	
499.31		0.04		1.33		0.16	
501.08		0.03		1.33		0.16	
503.83		0.07		0.67		0.14	
505.14		0.05		0.47		0.20	
506.04		0.04		1.20		0.34	
507.74		0.05		2.53		1.87	
508.02		0.03		0.20		0.13	
508.65		0.05		0.40		0.33	
508.92		0.04		2.27		0.94	
509.31		0.05		0.73		0.54	
509.94		0.02		2.07		0.55	
510.44		0.04		0.40		0.40	
510.67		0.05		1.73		0.94	
510.95		0.02		0.47		0.07	
511.20		0.05		6.93		1.59	
511.70		0.03		0.47		0.20	
512.27		0.03		0.53		0.20	
512.43		0.04		2.00		0.94	
513.11		0.04		1.60		0.61	
513.91		0.05		1.00		0.60	
514.11		0.04		0.53		0.14	
514.70		0.04		0.27		0.20	
525.20		0.08		0.47		0.20	
530.16		0.08		1.00		0.54	
530.63		0.03		1.40		0.16	
535.26		0.07		2.93		1.34	
536.80		0.04		1.13		0.21	
538.85		0.09		0.53		0.20	
541.01		0.06		0.47		0.07	
547.16		0.04		0.67		0.08	
549.51		0.04		0.80		0.08	
550.25		0.16		0.53		0.14	
552.28		0.06		1.13		0.41	
552.65		0.03		1.60		0.41	
553.71		0.08		0.67		0.14	
558.29		0.09		0.53		0.07	
559.10		0.06		2.07		0.61	
559.47		0.03		1.73		0.54	
563.54		0.19		0.53		0.20	
563.54		0.19					
563.54		0.19					
566.92		0.09		0.60		0.20	
567.71		0.05		0.80		0.14	
573.73		0.15		0.33		0.20	
574.31		0.03		1.00		0.21	
579.97		0.05		0.33		0.27	
583.07		0.08		0.40		0.14	
584.22		0.05		0.60		0.08	
589.50		0.06		0.87		0.21	
591.05		0.05		0.53		0.07	
593.50		0.07		0.60		0.14	
597.72		0.24		0.60		0.20	
600.94		0.06		1.20		0.41	
602.10		0.11		1.00		0.40	
603.14		0.04		1.40		0.16	
605.72		0.11		0.67		0.14	
613.23		0.14		0.53		0.20	
617.52		0.14		0.33		0.20	
627.25		0.06		0.73		0.14	
629.64		0.04		2.07		0.18	
632.03		0.05		1.33		0.34	
633.59		0.11		0.60		0.14	
642.58		0.06		0.93		0.21	
645.89		0.05		1.20		0.15	
647.46		0.05		1.20		0.15	
651.34		0.07		1.00		0.15	
651.34		0.07					
657.25		0.05		2.27		0.24	
661.56		0.06		1.73		0.35	
668.39		0.09		1.13		0.34	
675.65		0.06		1.40		0.16	
683.58		0.14		1.60		0.22	
708.10		0.22		0.80		0.40	
709.03		0.08		2.00		0.35	
717.21		0.05		4.93		0.50	
721.65		0.16		0.80		0.34	
725.33		0.08		4.93		2.55	
726.06		0.05		3.13		0.44	
727.92		0.09		1.60		0.35	
728.94		0.08		6.00		3.02	
732.41		0.15		0.87		0.27	
739.37		0.05		1.87		0.54	
744.94		0.09		2.07		0.55	
759.85		0.07		2.93		0.56	
760.13		0.09		2.53		0.55	
764.46		0.12		1.53		0.54	
773.45		0.11		1.40		0.34	
790.10		0.09		1.60		0.35	
791.86		0.08		3.60		0.45	
795.94		0.20		1.20		0.54	
796.96		0.12		2.40		0.43	
804.26		0.18		2.93		1.54	
818.12		0.08		2.00		0.55	
833.80		0.40		1.00		0.40	
837.52		0.22		1.13		0.54	
871.28		0.08		4.93		0.67	
875.25		0.16		3.80		0.64	
885.75		0.25		3.13		0.95	
887.80		0.30		1.73		0.54	
894.75		0.13		3.00		1.54	
905.94		0.26		3.20		1.15	
909.15		0.16		1.87		0.68	
959.02		0.18		3.93		1.03	
984.64		0.22		6.53		2.43	
987.48		0.18		3.13		0.82	
3882.70		0.60		1.60		0.61	
3902.30		0.70		1.20		0.54	
3982.10		0.60		2.07		0.61	
4033.10		0.50		0.80		0.40	
4045.70		0.50		1.87		0.61	
4053.90		0.50		1.80		0.74	
4102.60		0.60		0.80		0.40	
4118.10		0.60		0.53		0.33	
4138.40		0.60		1.13		0.34	
4157.90		0.50		1.40		0.54	
4172.70		0.50		1.40		0.54	
4219.80		0.50		1.73		0.54	
4315.60		0.50		4.33		0.48	
4348.80		0.50		0.80		0.40	
4366.20		0.60		1.40		0.41	
4383.20		0.50		1.13		0.34	
4444.00		0.50		1.60		0.35	
4458.20		0.60		0.93		0.40	
4483.10		0.50		2.60		0.56	
4536.10		0.50		1.60		0.35	
4566.40		0.60		1.53		0.41	
4580.00		0.60		1.60		0.35	
4618.00		0.50		2.27		0.42	
4629.70		0.50		0.67		0.27	
4666.60		0.80		0.53		0.27	
4673.40		0.60		0.80		0.27	
4691.70		0.50		1.87		0.42	
4739.40		0.50		1.60		0.35	
4782.30		0.50		4.60		0.49	
4793.10		0.50		2.27		0.42	
4802.90		0.50		2.07		0.42	
4821.80		0.50		0.67		0.27	
4833.20		0.50		1.60		0.35	
4890.60		0.80		0.20		0.07	
4912.60		0.50		1.40		0.28	
4925.90		0.60		0.33		0.13	
4937.80		0.50		0.73		0.27	
4949.30		0.50		0.53		0.20	
4961.70		0.40		0.33		0.20	
4980.20		0.50		1.33		0.16	
5005.60		0.50		1.80		0.23	
5034.60		0.50		0.80		0.21	
5062.50		0.60		0.27		0.13	
5075.80		0.80		0.27		0.13	
5102.20		0.50		0.93		0.21	
5123.00		0.50		0.53		0.20	
5147.40		0.40		0.53		0.20	
5153.00		0.60		0.67		0.20	
5165.40		0.50		0.47		0.14	
5181.40		0.50		0.33		0.07	
5206.80		0.50		1.87		0.23	
5227.70		0.60		0.47		0.14	
5245.80		0.50		2.40		0.30	
5280.60		0.50		0.53		0.14	
5343.30		0.50		2.20		0.30	
5396.60		0.50		0.47		0.27	
5402.70		0.50		0.27		0.13	
5411.90		0.50		0.47		0.20	
5434.60		0.50		0.47		0.20	
5497.00		0.50		0.60		0.14	
5515.70		0.50		1.13		0.15	
5557.40		0.50		0.53		0.14	
5583.80		0.60		0.60		0.14	
5665.50		0.80		0.13		0.07	
5702.10		0.60		0.27		0.07	
5769.90		0.50		0.73		0.08	
5792.50		0.50		1.27		0.15	
5812.60		0.80		0.20		0.07	
5825.00		0.80		0.13		0.07	
5889.60		0.70		0.40		0.07	
5912.10		0.60		0.20		0.07	
5948.70		0.50		0.87		0.08	
5965.00		0.50		6.33		0.38	
6062.90		0.50		3.80		0.30	
	180Ta		By Target	182Ta	
