Thermal Neutron Capture Gammas — Target Nucleus 182W

Target Nucleus=182W
Strongest transition  Eγ=6190.66+-0.10 keV    %Iγunknown
Eγ
(keV)
ΔEγ
(keV)
Iγ/Iγ(max)
(%)
Δ(Iγ/Iγ(max))
 
46.50		0.00					
97.91		0.12		1.83		0.40	
99.00		0.02		0.13		0.01	
99.09		0.01		34.71		2.71	
102.20		0.30		<0		.01	
103.06		0.12		1.54		0.68	
107.86		0.02		0.11		0.01	
107.93		0.01		32.79		2.56	
109.66		0.04		0.04		0.00	
109.74		0.01		10.67		0.91	
118.40		0.60		<0		.01	
126.00		0.50		<0		.01	
142.00		0.60		<0		.01	
142.24		0.02		1.35		0.30	
142.25		0.09		<0		.01	
144.10		0.15		<0		.01	
144.16		0.04		0.80		0.17	
153.80		1.90					
160.63		0.10		0.05		0.00	
160.67		0.02		7.02		1.22	
162.27		0.02		0.36		0.02	
162.32		0.01		63.46		7.66	
166.40		0.60		<0		.01	
171.60		0.30		<0		.01	
192.62		0.02		0.96		0.11	
192.65		0.07		<0		.01	
203.26		0.02		0.81		0.09	
203.28		0.05		<0		.01	
205.05		0.02		0.01		0.00	
205.09		0.01		1.92		0.22	
208.80		0.02		0.04		0.00	
208.81		0.01		5.19		0.42	
209.86		0.04		0.03		0.00	
209.88		0.01		3.08		0.26	
218.90		0.40		<0		.01	
221.70		0.30		<0		.01	
244.24		0.13		0.01		0.00	
244.26		0.02		1.63		0.13	
245.13		0.07		0.87		0.11	
245.20		0.50		<0		.01	
246.04		0.08		0.04		0.00	
246.06		0.02		5.19		0.42	
259.51		0.13		<0		.01	
259.66		0.09		0.31		0.05	
265.30		0.80		<0		.01	
265.36		0.08		0.22		0.04	
265.70		0.40		<0		.01	
268.00		0.30		<0		.01	
268.29		0.10		0.14		0.03	
278.98		0.11		0.12		0.03	
284.90		0.70		<0		.01	
286.60		0.50		<0		.01	
291.68		0.04		9.62		0.73	
291.71		0.02		0.09		0.01	
308.96		0.16		0.09		0.04	
310.00		0.00		<0		.01	
313.06		0.05		11.92		0.90	
313.15		0.02		0.11		0.01	
320.02		0.18		<0		.01	
320.97		0.08		0.71		0.06	
321.17		0.12		<0		.01	
325.30		0.30		0.07		0.03	
326.55		0.08		0.21		0.04	
326.80		0.60		<0		.01	
340.00		0.00		<0		.01	
344.19		0.14		0.12		0.04	
344.38		0.21		<0		.01	
347.70		0.80		<0		.01	
353.88		0.10		1.63		0.13	
354.00		0.02		0.02		0.00	
365.56		0.08		0.91		0.08	
365.61		0.05		<0		.01	
367.40		0.50		<0		.01	
371.59		0.16		0.12		0.03	
371.60		0.30		<0		.01	
373.20		0.80		<0		.01	
375.00		0.00		<0		.01	
384.00		0.30		<0		.01	
384.41		0.17		0.15		0.03	
388.00		0.00		<0		.01	
388.30		0.40		<0		.01	
388.31		0.20		0.10		0.03	
400.73		0.14		<0		.01	
400.86		0.25		0.28		0.03	
405.00		0.00		<0		.01	
406.00		0.00		<0		.01	
406.37		0.10		<0		.01	
406.50		0.30		<0		.01	
406.55		0.27		0.39		0.04	
406.55		0.27		0.39		0.04	
414.00		0.70		<0		.01	
416.08		0.05		0.01		0.00	
416.40		0.30		1.07		0.06	
417.50		0.90		<0		.01	
420.20		0.90		<0		.01	
420.30		0.30		0.21		0.03	
431.70		0.30		<0		.01	
448.00		0.00					
451.00		0.00		<0		.01	
452.09		0.20		<0		.01	
453.00		0.50		0.18		0.03	
459.20		0.70		<0		.01	
465.30		2.00		<0		.01	
467.50		0.90		<0		.01	
473.80		0.30		<0		.01	
473.90		0.50		0.20		0.03	
479.20		0.50					
480.30		0.50		0.20		0.03	
491.30		0.40		<0		.01	
491.90		0.50		0.11		0.03	
496.70		0.50		<0		.01	
522.40		0.50		<0		.01	
533.62		0.10		0.23		0.05	
533.78		0.22		<0		.01	
547.00		0.00					
553.30		1.80		<0		.01	
556.00		1.90		<0		.01	
559.20		1.60		<0		.01	
559.91		0.06		0.43		0.05	
560.08		0.17		<0		.01	
566.86		0.13		0.12		0.03	
567.10		0.30		<0		.01	
569.10		0.40		<0		.01	
571.10		0.50		<0		.01	
575.42		0.10		0.16		0.03	
575.90		0.30		<0		.01	
581.59		0.20		0.08		0.03	
581.70		0.50		<0		.01	
585.20		0.60		<0		.01	
587.11		0.09		0.28		0.04	
587.29		0.13		<0		.01	
591.03		0.17		0.10		0.03	
591.10		0.30		<0		.01	
593.00		0.70		<0		.01	
594.80		1.20		<0		.01	
598.90		0.60		<0		.01	
602.65		0.06		0.23		0.04	
602.71		0.16		<0		.01	
606.80		0.60		<0		.01	
611.61		0.06		1.44		0.13	
611.75		0.04		0.01		0.00	
615.00		0.00		<0		.01	
620.60		0.60		<0		.01	
623.30		0.50		<0		.01	
630.10		1.20		<0		.01	
633.80		0.07		0.57		0.06	
633.95		0.07		<0		.01	
636.00		0.40		<0		.01	
639.90		0.80		<0		.01	
640.83		0.10		0.22		0.03	
641.40		0.30		<0		.01	
642.33		0.16		0.13		0.03	
651.70		0.60		<0		.01	
652.11		0.06		3.94		0.30	
652.59		0.02					
655.90		0.70		<0		.01	
657.14		0.14		0.14		0.03	
657.40		0.30		<0		.01	
661.50		0.40		<0		.01	
665.30		0.50		<0		.01	
673.20		0.30		<0		.01	
681.50		0.70		<0		.01	
682.72		0.08		0.44		0.05	
683.07		0.16		<0		.01	
694.65		0.07		5.10		0.41	
694.69		0.02		0.05		0.00	
696.71		0.07		4.71		0.33	
697.04		0.11		0.04		0.00	
697.04		0.05		<0		.01	
700.40		0.14		0.19		0.04	
700.60		0.40		<0		.01	
706.90		1.30		<0		.01	
707.74		0.07		0.68		0.07	
707.79		0.19		<0		.01	
709.34		0.21		0.12		0.03	
709.40		0.60		<0		.01	
713.30		0.10		0.21		0.03	
713.40		0.90		<0		.01	
716.00		0.00		<0		.01	
720.00		1.10		<0		.01	
723.83		0.13		0.08		0.04	
724.60		0.60		<0		.01	
724.70		1.20					
725.78		0.22		0.12		0.04	
726.00		0.00		<0		.01	
727.30		0.30		0.09		0.04	
728.00		1.20		<0		.01	
729.60		1.60		<0		.01	
734.60		0.40		<0		.01	
734.79		0.12		0.21		0.05	
738.90		0.60		<0		.01	
740.50		0.80		<0		.01	
742.50		0.80		<0		.01	
744.40		0.50		<0		.01	
751.70		1.60		<0		.01	
753.15		0.22		0.08		0.03	
753.50		0.50		<0		.01	
761.80		1.10		<0		.01	
761.80		0.40		<0		.01	
762.50		0.18		0.12		0.04	
765.10		1.10		<0		.01	
767.70		0.30		<0		.01	
768.82		0.14		0.12		0.03	
769.36		0.19		<0		.01	
776.21		0.21		<0		.01	
776.25		0.06		0.98		0.09	
777.70		0.50		<0		.01	
777.77		0.09		0.38		0.04	
781.00		0.08		0.30		0.04	
781.02		0.12		<0		.01	
782.96		0.13		0.18		0.03	
790.05		0.21		<0		.01	
790.43		0.10		0.30		0.04	
794.50		0.30		<0		.01	
794.57		0.12		0.21		0.04	
799.60		1.10		<0		.01	
802.60		0.60		<0		.01	
802.90		0.17		0.19		0.03	
804.34		0.18		<0		.01	
804.48		0.09		0.39		0.05	
807.40		0.50		<0		.01	
810.70		0.30		<0		.01	
812.50		1.20		<0		.01	
813.80		0.30					
817.36		0.13		<0		.01	
817.59		0.05		3.46		0.52	
817.73		0.10		0.03		0.00	
822.12		0.13		<0		.01	
822.16		0.08		0.43		0.05	
824.39		0.22		0.17		0.04	
824.50		2.20		<0		.01	
825.85		0.12		0.36		0.05	
825.90		0.30		<0		.01	
830.90		0.90		<0		.01	
832.90		0.70		<0		.01	
834.53		0.16		0.34		0.08	
835.20		1.30		<0		.01	
841.80		0.30		<0		.01	
841.84		0.09		0.38		0.04	
843.90		0.80		<0		.01	
846.26		0.03		0.04		0.00	
846.34		0.06		3.46		0.28	
849.80		1.30					
850.10		0.70		<0		.01	
852.04		0.10		0.31		0.04	
852.10		0.19		<0		.01	
855.20		0.70		<0		.01	
857.00		1.10		<0		.01	
858.06		0.07		2.02		0.15	
858.10		0.50		0.01		0.00	
858.30		1.50		<0		.01	
860.90		0.50		<0		.01	
863.60		0.40		<0		.01	
866.49		0.08		1.54		0.13	
866.60		0.04		0.01		0.00	
872.20		0.80		<0		.01	
873.80		0.90		<0		.01	
877.30		0.30		<0		.01	
882.00		0.60		<0		.01	
885.56		0.14		<0		.01	
888.07		0.03		11.06		0.86	
888.17		0.02		0.11		0.01	
894.69		0.06		<0		.01	
895.70		1.50		0.17		0.10	
900.51		0.24		<0		.01	
903.70		1.20		<0		.01	
907.50		0.60		<0		.01	
912.40		0.50		<0		.01	
918.30		0.40		<0		.01	
922.00		2.50		<0		.01	
923.00		0.00		<0		.01	
923.80		1.10		<0		.01	
927.29		0.02		0.05		0.00	
927.30		0.04		4.13		0.31	
933.60		0.70		<0		.01	
935.30		0.80		<0		.01	
937.10		0.40		0.57		0.11	
937.58		0.18		<0		.01	
941.09		0.03		0.03		0.00	
941.17		0.09		2.60		0.24	
952.40		0.50					
952.80		1.20		<0		.01	
953.90		0.50		0.59		0.16	
954.30		0.60		<0		.01	
956.80		0.70					
959.97		0.25		1.15		0.20	
960.06		0.09		0.01		0.00	
964.50		1.60		<0		.01	
965.60		0.70		<0		.01	
967.00		0.00		<0		.01	
967.40		0.80		<0		.01	
969.20		1.50					
969.50		1.00		0.28		0.15	
970.10		0.40		<0		.01	
974.20		0.90					
978.00		0.00		<0		.01	
979.87		0.03		16.15		1.27	
979.88		0.02		0.17		0.01	
983.60		0.80		<0		.01	
989.60		0.70		<0		.01	
990.90		1.10		<0		.01	
995.90		0.80		0.47		0.20	
996.30		0.60		<0		.01	
1006.89		0.17		<0		.01	
1007.30		1.50		0.27		0.17	
1015.90		0.80		<0		.01	
1017.71		0.06		0.02		0.00	
1018.07		0.15		2.79		0.33	
1020.40		0.40		<0		.01	
1026.37		0.03		26.54		2.04	
1026.38		0.02		0.28		0.02	
1034.20		0.80		<0		.01	
1040.80		0.60		<0		.01	
1043.73		0.12		<0		.01	
1043.78		0.20		0.51		0.08	
1047.70		0.80		<0		.01	
1050.40		0.80		<0		.01	
1055.10		1.10		<0		.01	
1057.60		0.30		0.32		0.07	
1057.90		1.20		<0		.01	
1058.80		2.10		<0		.01	
1060.60		1.90		<0		.01	
1062.40		1.20		<0		.01	
1062.90		0.80		<0		.01	
1063.72		0.07		<0		.01	
1064.00		0.60		0.46		0.17	
1064.00		0.60		0.46		0.17	
1064.50		1.20		<0		.01	
1066.80		0.70		0.37		0.15	
1067.20		0.80		<0		.01	
1068.30		1.50		<0		.01	
1080.72		0.19		<0		.01	
1080.90		0.17		0.96		0.11	
1082.80		0.30		<0		.01	
1085.15		0.18		1.15		0.12	
1085.66		0.06		<0		.01	
1086.60		0.50		<0		.01	
1090.40		0.60		<0		.01	
1093.90		0.30		<0		.01	
1098.30		0.80		<0		.01	
1100.60		0.02		0.05		0.00	
1100.74		0.07		4.90		0.40	
1103.50		0.16		<0		.01	
1107.70		0.50		<0		.01	
1108.10		0.40		0.37		0.08	
1109.40		0.30		<0		.01	
1112.00		0.00					
1115.25		0.18		0.81		0.10	
1115.48		0.11		<0		.01	
1121.33		0.17		<0		.01	
1125.90		0.60		<0		.01	
1128.39		0.10		0.01		0.00	
1128.40		0.12		1.35		0.12	
1130.60		0.90		<0		.01	
1133.30		0.30		<0		.01	
1138.40		1.40		<0		.01	
1140.20		0.30		<0		.01	
1145.50		0.60		<0		.01	
1149.88		0.17		0.79		0.12	
1149.94		0.07		0.01		0.00	
1150.50		1.00		<0		.01	
1154.50		1.20		<0		.01	
1156.30		0.60		<0		.01	
1158.10		0.50		<0		.01	
1163.38		0.17		0.01		0.00	
1164.20		1.50		<0		.01	
1164.28		0.09		1.83		0.40	
1165.35		0.20		0.01		0.00	
1176.50		1.00		<0		.01	
1179.50		0.40		<0		.01	
1182.60		0.40		<0		.01	
1182.70		0.26		0.74		0.15	
1187.50		0.30		<0		.01	
1192.00		0.30		<0		.01	
1192.46		0.07		2.88		0.33	
1192.72		0.09		0.03		0.00	
1192.90		1.60		<0		.01	
1204.70		0.30		<0		.01	
1210.35		0.21		<0		.01	
1210.80		0.14		0.84		0.15	
1214.00		0.30		<0		.01	
1217.70		0.30		<0		.01	
1223.30		0.30		<0		.01	
1226.20		0.70		<0		.01	
1226.60		0.70		0.36		0.12	
1228.30		0.50		<0		.01	
1229.80		0.40		0.66		0.13	
1230.20		0.70		<0		.01	
1230.60		1.60		<0		.01	
1231.70		2.00		<0		.01	
1233.70		0.50		<0		.01	
1235.53		0.15		0.87		0.10	
1236.34		0.09		0.01		0.00	
1240.60		0.60		<0		.01	
1243.30		1.10		<0		.01	
1245.31		0.17		0.64		0.09	
1245.31		0.22		<0		.01	
1250.90		0.60		<0		.01	
1257.00		0.00		<0		.01	
1262.00		0.00					
1262.10		1.20		<0		.01	
1262.55		0.07		2.98		0.26	
1262.55		0.07		2.98		0.26	
1262.55		0.07		2.98		0.26	
1262.60		0.30		0.02		0.00	
1263.10		0.60		<0		.01	
1264.60		0.40		<0		.01	
1271.70		1.20		<0		.01	
1273.70		1.00		<0		.01	
1274.80		0.40		0.44		0.09	
1277.80		0.60		<0		.01	
1283.20		0.30		0.71		0.10	
1284.40		0.40		<0		.01	
1286.00		1.50		<0		.01	
1288.96		0.06		0.02		0.00	
1289.09		0.08		2.98		0.26	
1291.80		0.30		<0		.01	
1293.70		0.70		<0		.01	
1294.20		1.00		<0		.01	
1294.37		0.09		1.35		0.21	
1295.50		0.30		0.01		0.00	
1300.30		0.40		0.47		0.09	
1300.50		0.40		<0		.01	
1302.70		0.50		<0		.01	
1306.50		0.50		<0		.01	
1311.10		0.40		<0		.01	
1320.17		0.16		<0		.01	
1321.10		0.30		0.49		0.11	
1322.80		0.30		<0		.01	
1332.30		1.50		<0		.01	
1332.91		0.09		0.57		0.16	
1335.80		0.30		<0		.01	
1338.20		0.30		0.85		0.10	
1338.23		0.23		<0		.01	
1343.49		0.21		<0		.01	
1343.50		0.40		0.72		0.11	
1346.80		0.50		<0		.01	
1347.40		0.30		<0		.01	
1347.60		0.30		0.91		0.12	
1348.00		0.00		<0		.01	
1350.50		0.40		<0		.01	
1354.30		0.40		<0		.01	
1361.06		0.14		<0		.01	
1363.00		0.50		0.39		0.13	
1363.00		0.00		<0		.01	
1364.00		0.30		<0		.01	
1366.50		0.60		<0		.01	
1368.60		0.30		<0		.01	
1370.20		1.20		<0		.01	
1370.80		0.19		<0		.01	
1370.89		0.15		1.44		0.21	
1370.89		0.15		1.44		0.21	
1371.60		1.10		<0		.01	
1372.60		0.30		<0		.01	
1378.08		0.20		<0		.01	
1380.20		1.30		<0		.01	
1380.66		0.18		1.15		0.20	
1381.09		0.12		<0		.01	
1386.40		0.30		<0		.01	
1387.20		0.90		0.39		0.17	
1390.82		0.22		<0		.01	
1391.10		1.00		0.36		0.14	
1396.30		0.70		<0		.01	
1402.80		0.30		<0		.01	
1407.22		0.19		1.35		0.12	
1407.30		0.30		0.01		0.00	
1411.56		0.06		0.02		0.00	
1411.68		0.14		2.21		0.23	
1414.70		0.90		<0		.01	
1416.78		0.10		0.03		0.00	
1416.84		0.09		2.60		0.24	
1422.54		0.22		<0		.01	
1423.90		0.40		<0		.01	
1424.26		0.05		4.52		0.39	
1424.61		0.07		0.04		0.00	
1429.30		0.90		<0		.01	
1437.52		0.23		0.02		0.00	
1437.88		0.08		2.31		0.23	
1438.90		0.80		<0		.01	
1441.90		0.90		<0		.01	
1447.40		0.40		<0		.01	
1451.50		0.70		<0		.01	
1454.20		0.80		<0		.01	
1455.20		0.30		<0		.01	
1455.81		0.15		1.54		0.21	
1457.20		0.70		<0		.01	
1460.10		0.40		<0		.01	
1463.40		0.30		0.02		0.00	
1463.58		0.07		3.46		0.28	
1463.58		0.07		3.46		0.28	
1464.13		0.15		<0		.01	
1465.50		0.40		<0		.01	
1470.75		0.09		0.02		0.00	
1470.93		0.11		2.21		0.23	
1471.50		0.50		<0		.01	
1477.90		0.60		<0		.01	
1478.39		0.27		0.79		0.13	
1478.50		0.40		<0		.01	
1485.49		0.12		0.01		0.00	
1485.86		0.15		1.63		0.21	
1487.53		0.23		<0		.01	
1492.70		0.30		<0		.01	
1501.20		0.30		<0		.01	
1504.04		0.13		2.21		0.23	
1504.06		0.07		0.02		0.00	
1508.80		0.40		0.01		0.00	
1510.17		0.06		4.90		0.40	
1510.20		0.30		0.03		0.00	
1512.82		0.21		<0		.01	
1516.90		0.80		<0		.01	
1518.50		0.60		0.49		0.13	
1519.20		0.60		<0		.01	
1521.80		0.40		<0		.01	
1523.16		0.17		2.02		0.22	
1523.37		0.14		0.02		0.00	
1527.90		0.80		<0		.01	
1528.68		0.23		0.01		0.00	
1529.28		0.13		2.12		0.23	
1530.30		0.40		<0		.01	
1532.00		1.00		<0		.01	
1532.00		0.00		<0		.01	
1537.50		0.60		<0		.01	
1539.50		0.40		0.28		0.08	
1540.00		0.00		<0		.01	
1542.08		0.15		<0		.01	
1543.30		0.70		<0		.01	
1543.38		0.21		0.96		0.11	
1545.00		1.40					
1545.30		0.30		<0		.01	
1552.10		0.50		<0		.01	
1554.10		0.40		<0		.01	
1555.69		0.15		2.98		0.34	
1556.28		0.09		0.02		0.00	
1561.73		0.16		<0		.01	
1564.40		0.50		1.15		0.20	
1565.51		0.11		0.01		0.00	
1569.50		0.30		2.69		0.33	
1569.80		0.10		0.02		0.00	
1573.52		0.11		0.01		0.00	
1573.60		0.50		1.44		0.30	
1575.80		1.30		<0		.01	
1580.60		0.50		<0		.01	
1581.40		0.30		0.02		0.00	
1581.55		0.17		2.98		0.34	
1584.20		0.40		<0		.01	
1586.83		0.12		<0		.01	
1586.90		0.70		0.01		0.00	
1587.32		0.24		2.12		0.23	
1589.80		0.30		<0		.01	
1595.09		0.04		0.04		0.00	
1595.11		0.11		4.42		0.39	
1599.55		0.21		<0		.01	
1602.00		0.00		<0		.01	
1602.25		0.15		3.17		0.34	
1602.43		0.07		0.03		0.00	
1609.40		0.30		<0		.01	
1610.70		0.40		1.54		0.30	
1612.16		0.07		0.02		0.00	
1614.00		1.00		<0		.01	
1615.06		0.07		0.06		0.01	
1615.13		0.09		8.37		0.68	
1617.70		0.60		0.02		0.00	
1618.80		0.70		<0		.01	
1624.60		0.90		<0		.01	
1625.10		1.10		0.01		0.00	
1626.29		0.08		0.07		0.00	
1627.09		0.05		12.31		0.98	
1627.09		0.05		12.31		0.98	
1628.35		0.08		0.04		0.01	
1628.50		0.60		0.02		0.01	
1631.52		0.13		0.01		0.00	
1633.07		0.20		2.69		0.33	
1633.77		0.23		0.02		0.00	
1636.40		0.50		<0		.01	
1640.20		0.30		<0		.01	
1646.90		0.30		<0		.01	
1647.10		0.30		0.63		0.09	
1652.59		0.08		2.31		0.23	
1652.90		0.80		<0		.01	
1654.90		0.40		<0		.01	
1660.59		0.11		0.02		0.00	
1660.70		0.40		<0		.01	
1661.03		0.09		2.31		0.23	
1663.20		0.30		<0		.01	
1672.66		0.15		1.44		0.13	
1672.86		0.11		0.01		0.00	
1673.40		2.00		<0		.01	
1674.00		0.00		<0		.01	
1677.20		0.50		<0		.01	
1677.50		0.30		0.62		0.09	
1678.00		0.50		<0		.01	
1684.11		0.07		0.02		0.00	
1684.36		0.08		2.12		0.23	
1686.30		1.60		<0		.01	
1690.60		0.30		0.01		0.00	
1691.44		0.05		3.65		0.29	
1692.10		0.30		0.01		0.00	
1694.60		0.30		<0		.01	
1698.69		0.20		0.85		0.13	
1698.93		0.10		0.01		0.00	
1707.50		0.90		<0		.01	
1711.70		1.50		<0		.01	
1711.90		0.40		<0		.01	
1713.70		0.60		<0		.01	
1719.30		0.30		<0		.01	
1719.60		0.40		0.49		0.09	
1723.20		0.30		<0		.01	
1724.98		0.15		1.73		0.14	
1725.77		0.14		0.02		0.00	
1729.90		0.30		0.81		0.10	
1730.70		0.30		<0		.01	
1735.56		0.07		0.08		0.00	
1735.63		0.04		7.98		0.60	
1735.63		0.04		7.98		0.60	
1736.00		0.00		<0		.01	
1737.10		0.60		<0		.01	
1742.40		0.30		<0		.01	
1743.00		0.00		<0		.01	
1743.60		0.22		0.78		0.11	
1746.10		0.40		<0		.01	
1750.10		0.50		<0		.01	
1751.60		0.30		0.56		0.12	
1752.70		0.30		<0		.01	
1752.90		1.20		<0		.01	
1757.30		1.60		<0		.01	
1758.70		0.30		<0		.01	
1760.30		0.60		0.56		0.11	
1762.30		0.40		<0		.01	
1764.59		0.12		0.03		0.00	
1764.65		0.09		2.88		0.33	
1767.50		0.40		<0		.01	
1770.20		0.40		<0		.01	
1771.20		0.40		0.43		0.11	
1777.00		0.00		<0		.01	
1777.50		0.30		<0		.01	
1779.90		0.60		<0		.01	
1782.40		0.30		<0		.01	
1782.68		0.24		0.87		0.13	
1783.00		0.00		<0		.01	
1784.00		0.00		<0		.01	
1786.60		1.20		<0		.01	
1787.80		1.20		<0		.01	
1789.50		0.80		<0		.01	
1789.88		0.13		1.35		0.12	
1790.80		0.90		<0		.01	
1795.76		0.10		0.01		0.00	
1795.90		0.30		1.06		0.20	
1799.40		0.80		0.46		0.13	
1799.40		0.40		<0		.01	
1800.00		0.00		<0		.01	
1801.40		0.80		<0		.01	
1805.80		0.40		<0		.01	
1807.10		0.80		0.28		0.15	
1807.70		1.90		<0		.01	
1808.50		0.60		<0		.01	
1811.10		0.50		<0		.01	
1814.00		0.50		<0		.01	
1814.30		0.40		0.56		0.16	
1816.20		0.30		<0		.01	
1818.60		0.40		1.15		0.20	
1818.88		0.20		<0		.01	
1819.60		0.60		<0		.01	
1821.30		0.40		<0		.01	
1823.50		0.50		0.55		0.13	
1824.00		0.40		<0		.01	
1824.00		0.00		<0		.01	
1829.80		0.40		<0		.01	
1830.80		0.50		0.44		0.14	
1831.00		0.00		<0		.01	
1834.20		0.50		<0		.01	
1836.00		0.00		<0		.01	
1837.10		1.10					
1837.35		0.10		2.31		0.32	
1839.80		0.40		<0		.01	
1844.20		1.50		<0		.01	
1847.74		0.14		0.02		0.00	
1848.31		0.13		2.21		0.23	
1850.60		0.40		<0		.01	
1852.60		1.80		<0		.01	
1853.70		0.40		1.15		0.20	
1854.16		0.18		<0		.01	
1857.00		0.60		<0		.01	
1857.80		1.40		0.35		0.14	
1859.80		0.60		<0		.01	
1864.70		1.90		<0		.01	
1868.60		0.90		<0		.01	
1869.48		0.15		2.02		0.22	
1869.75		0.18		0.02		0.00	
1872.00		0.00		<0		.01	
1872.80		0.60		<0		.01	
1876.00		1.20		0.25		0.15	
1876.20		0.60		<0		.01	
1877.00		0.00					
1885.07		0.25		1.35		0.21	
1885.80		1.20		<0		.01	
1886.50		0.70		<0		.01	
1887.90		0.60		<0		.01	
1890.77		0.24		<0		.01	
1890.96		0.25		1.35		0.21	
1890.96		0.25		1.35		0.21	
1891.00		0.00		<0		.01	
1894.20		0.24		<0		.01	
1897.58		0.15		2.12		0.31	
1897.88		0.14		0.02		0.00	
1900.20		2.30		<0		.01	
1906.60		0.50		<0		.01	
1907.10		0.40		0.55		0.21	
1908.70		0.70		<0		.01	
1915.70		0.40		<0		.01	
1917.40		1.20		<0		.01	
1917.50		0.60		0.59		0.16	
1918.30		0.40		<0		.01	
1921.10		0.40		<0		.01	
1922.20		0.50		0.62		0.17	
1923.50		0.40		<0		.01	
1928.70		0.50		0.55		0.16	
1929.00		0.30		<0		.01	
1933.00		0.50		<0		.01	
1935.20		0.40		0.67		0.20	
1935.90		0.40		<0		.01	
1941.20		0.40		<0		.01	
1944.00		0.00		<0		.01	
1944.42		0.24		<0		.01	
1944.46		0.18		1.35		0.21	
1944.46		0.18		1.35		0.30	
1944.60		0.80		<0		.01	
1947.00		0.50		<0		.01	
1950.40		1.40		<0		.01	
1956.20		0.30		<0		.01	
1957.06		0.21		1.15		0.30	
1957.30		1.60					
1958.70		0.50		<0		.01	
1962.50		0.40		0.48		0.23	
1964.40		0.50		<0		.01	
1967.80		0.30		1.25		0.30	
1968.33		0.21		<0		.01	
1975.03		0.04		0.67		0.39	
1975.30		0.40		<0		.01	
1982.20		1.00		<0		.01	
1982.41		0.23		<0		.01	
1982.58		0.11		1.92		0.22	
1986.40		0.40		<0		.01	
1989.50		0.40		0.70		0.17	
1990.16		0.23		<0		.01	
1992.00		1.60		<0		.01	
1992.40		1.70		<0		.01	
1993.40		0.80		0.42		0.13	
1997.00		0.70		<0		.01	
2000.60		1.40		<0		.01	
2000.80		0.30		<0		.01	
2001.60		0.30		0.44		0.14	
2004.50		0.30		<0		.01	
2010.80		0.70		<0		.01	
2012.80		0.21		0.76		0.17	
2012.80		0.40		<0		.01	
2013.60		1.30		<0		.01	
2015.80		0.50		<0		.01	
2022.19		0.23		1.15		0.12	
2022.30		0.70		<0		.01	
2026.40		0.70		<0		.01	
2027.60		0.60		<0		.01	
2028.10		1.60		<0		.01	
2028.21		0.12		2.31		0.23	
2028.61		0.21		0.02		0.00	
2034.00		0.30		0.90		0.14	
2034.50		0.40		<0		.01	
2035.80		0.40		<0		.01	
2039.20		2.30					
2043.80		1.20		<0		.01	
2045.00		0.50		0.55		0.16	
2050.20		0.70		<0		.01	
2052.30		1.60		<0		.01	
2054.20		1.50		<0		.01	
2056.60		0.80		<0		.01	
2056.60		0.80		<0		.01	
2058.60		0.50		0.81		0.17	
2059.10		1.60		<0		.01	
2059.90		1.00		<0		.01	
2062.60		0.30		0.80		0.18	
2062.60		0.50		<0		.01	
2072.00		0.00					
2072.40		0.21		0.64		0.16	
2074.20		0.40		<0		.01	
2077.30		1.60		<0		.01	
2079.00		0.00		<0		.01	
2080.00		0.30		0.02		0.00	
2080.00		2.00					
2080.19		0.08		3.37		0.35	
2082.40		0.40		<0		.01	
2085.70		0.60		<0		.01	
2088.60		0.70		<0		.01	
2092.30		0.40		<0		.01	
2093.20		1.80		<0		.01	
2097.00		0.00		<0		.01	
2098.10		0.50		<0		.01	
2099.30		1.30		<0		.01	
2099.80		0.70		0.37		0.16	
2100.60		0.70		<0		.01	
2106.20		0.40		<0		.01	
2107.80		0.70		0.46		0.13	
2110.10		0.80		<0		.01	
2111.80		1.60		<0		.01	
2112.30		0.60		<0		.01	
2112.50		0.30		0.68		0.16	
2118.28		0.09		2.60		0.24	
2118.34		0.08		0.02		0.00	
2123.60		0.50		<0		.01	
2124.70		0.30		0.91		0.13	
2126.40		0.30		<0		.01	
2129.55		0.16		1.54		0.13	
2129.60		0.13		0.02		0.00	
2134.60		0.70		<0		.01	
2136.85		0.14		0.95		0.14	
2136.90		0.50		0.01		0.00	
2145.90		0.60		<0		.01	
2152.70		0.80		<0		.01	
2157.70		0.40		<0		.01	
2158.00		2.00					
2158.40		0.50		0.55		0.14	
2162.00		0.60		<0		.01	
2162.20		0.40		1.15		0.20	
2162.80		0.50		<0		.01	
2165.80		0.70		<0		.01	
2166.60		0.80		0.47		0.14	
2168.00		0.70		<0		.01	
2176.30		1.20		<0		.01	
2177.00		0.50		0.05		0.00	
2177.21		0.05		4.33		0.38	
2181.20		0.40		<0		.01	
2183.30		1.80		<0		.01	
2184.02		0.08		0.02		0.00	
2184.03		0.09		2.21		0.23	
2184.60		1.60		<0		.01	
2189.50		0.60		<0		.01	
2189.66		0.21		0.42		0.13	
2196.68		0.22		<0		.01	
2201.71		0.09		0.02		0.00	
2202.19		0.23		1.25		0.21	
2203.00		0.00		<0		.01	
2205.15		0.24		<0		.01	
2209.20		0.30		0.01		0.00	
2209.60		0.30		0.90		0.14	
2211.30		0.80		<0		.01	
2214.00		0.40		<0		.01	
2231.10		0.40		<0		.01	
2233.60		0.40		<0		.01	
2236.17		0.14		2.40		0.24	
2236.20		0.70		0.01		0.01	
2236.46		0.09		0.01		0.00	
2240.20		0.60		<0		.01	
2242.20		0.40		<0		.01	
2243.40		0.60		0.57		0.13	
2246.26		0.23		<0		.01	
2248.80		1.20					
2249.00		0.50		0.63		0.13	
2254.80		0.50		<0		.01	
2257.30		0.40		0.55		0.14	
2258.01		0.21		<0		.01	
2262.30		0.40		<0		.01	
2266.10		0.30		<0		.01	
2267.23		0.22		1.15		0.20	
2268.00		2.00					
2268.60		0.30		<0		.01	
2271.00		2.00					
2273.50		0.50		<0		.01	
2278.50		0.40		<0		.01	
2283.10		1.60		<0		.01	
2285.41		0.17		0.70		0.11	
2285.80		0.80		<0		.01	
2288.40		1.60		<0		.01	
2292.90		0.30		<0		.01	
2293.04		0.22		0.87		0.10	
2297.80		0.60		<0		.01	
2304.18		0.12		0.02		0.00	
2304.33		0.12		2.02		0.22	
2307.80		0.40		<0		.01	
2314.30		0.40		<0		.01	
2319.00		0.00					
2320.78		0.25		0.90		0.13	
2323.30		1.10					
2325.54		0.12		3.37		0.27	
2325.90		0.80		0.01		0.01	
2327.40		0.30		<0		.01	
2332.20		0.60		<0		.01	
2332.70		0.60		0.88		0.21	
2334.90		0.60		<0		.01	
2336.30		0.50		0.63		0.20	
2337.40		0.70		<0		.01	
2342.50		0.90		0.53		0.13	
2346.20		0.30		<0		.01	
2346.80		0.50		1.15		0.12	
2351.30		0.40		0.01		0.00	
2351.71		0.22		1.83		0.22	
2356.90		0.60		<0		.01	
2357.79		0.23		0.75		0.12	
2362.40		0.60		<0		.01	
2363.80		0.50		0.43		0.12	
2366.00		2.00					
2369.00		2.00					
2369.03		0.17		1.54		0.21	
2380.60		0.40		<0		.01	
2380.80		0.40		0.76		0.12	
2383.20		0.50		<0		.01	
2386.18		0.21		0.64		0.14	
2386.90		0.30		<0		.01	
2392.70		0.40		<0		.01	
2393.35		0.23		1.06		0.11	
2394.80		0.90		<0		.01	
2404.29		0.17		0.02		0.00	
2404.30		0.19		2.21		0.23	
2407.30		0.40		<0		.01	
2413.40		1.10		0.77		0.39	
2413.60		0.30		<0		.01	
2417.93		0.20		<0		.01	
2418.00		0.60		0.87		0.39	
2422.80		0.70		0.87		0.39	
2423.20		0.30		<0		.01	
2432.40		0.30		<0		.01	
2433.77		0.27		1.54		0.30	
2434.90		0.30		<0		.01	
2438.90		0.30		<0		.01	
2439.50		0.40		0.75		0.24	
2443.80		0.30		<0		.01	
2445.74		0.22		0.70		0.25	
2446.50		0.40		<0		.01	
2453.80		0.40		<0		.01	
2454.06		0.24		0.88		0.24	
2457.12		0.19		0.01		0.00	
2458.65		0.25		1.06		0.20	
2460.50		0.30		<0		.01	
2469.40		0.30		<0		.01	
2470.53		0.17		0.32		0.14	
2471.30		0.30		<0		.01	
2473.80		0.50		<0		.01	
2476.38		0.15		0.02		0.00	
2476.41		0.15		1.92		0.22	
2479.30		0.30		<0		.01	
2481.78		0.17		1.06		0.11	
2482.02		0.15		<0		.01	
2488.42		0.11		<0		.01	
2488.80		0.22		1.44		0.13	
2492.71		0.10		<0		.01	
2493.50		0.30		1.15		0.12	
2499.50		0.30		<0		.01	
2499.99		0.20		1.54		0.21	
2502.50		0.30		<0		.01	
2505.00		0.30		0.94		0.14	
2505.40		0.40		<0		.01	
2510.80		0.17		<0		.01	
2511.21		0.17		1.54		0.21	
2517.63		0.25		1.06		0.20	
2517.78		0.16		<0		.01	
2523.00		0.06		0.02		0.00	
2523.06		0.13		2.31		0.23	
2530.10		0.30		<0		.01	
2530.68		0.21		0.91		0.22	
2539.27		0.18		<0		.01	
2539.40		0.30		0.52		0.13	
2543.00		0.30		<0		.01	
2545.00		0.25		0.48		0.14	
2545.80		0.30		<0		.01	
2552.41		0.25		0.49		0.14	
2553.30		0.60		<0		.01	
2557.10		0.40		0.52		0.13	
2557.70		0.60		<0		.01	
2561.90		0.30		0.01		0.00	
2562.01		0.20		2.40		0.24	
2565.00		0.30		0.01		0.00	
2567.30		0.30		1.15		0.12	
2568.90		0.30		<0		.01	
2574.10		0.14		1.06		0.11	
2574.50		0.16		<0		.01	
2589.30		0.50		<0		.01	
2591.00		0.40		<0		.01	
2591.77		0.19		1.35		0.21	
2593.30		0.40		<0		.01	
2609.51		0.18		<0		.01	
2610.50		0.30		0.66		0.13	
2613.80		0.30		<0		.01	
2617.11		0.25		0.49		0.14	
2617.40		0.40		<0		.01	
2624.60		0.40		<0		.01	
2625.90		0.30		0.53		0.16	
2627.50		0.60		<0		.01	
2630.10		0.30		<0		.01	
2639.40		1.00		0.58		0.39	
2640.90		0.30		<0		.01	
2644.00		0.40		<0		.01	
2655.40		0.40		0.77		0.29	
2656.18		0.14		<0		.01	
2662.00		0.30		<0		.01	
2669.01		0.22		<0		.01	
2676.25		0.11		<0		.01	
2676.80		0.60		0.67		0.29	
2682.93		0.08		<0		.01	
2690.90		0.40		<0		.01	
2694.70		0.40		<0		.01	
2700.30		0.30		<0		.01	
2702.80		0.50		<0		.01	
2707.20		1.30		0.24		0.19	
2708.20		0.30		<0		.01	
2715.40		0.60		0.96		0.29	
2715.53		0.16		<0		.01	
2718.87		0.14		<0		.01	
2722.50		0.50		<0		.01	
2726.00		0.40		0.51		0.13	
2726.40		0.30		<0		.01	
2735.16		0.07		<0		.01	
2735.44		0.18		0.91		0.17	
2738.87		0.20		<0		.01	
2741.24		0.25		0.47		0.13	
2741.30		0.30		<0		.01	
2744.20		0.30		<0		.01	
2747.05		0.09		0.01		0.00	
2747.73		0.21		1.25		0.21	
2750.49		0.23		<0		.01	
2758.48		0.09		<0		.01	
2758.70		0.30		0.75		0.16	
2764.40		0.30		<0		.01	
2767.20		0.30		<0		.01	
2770.35		0.20		<0		.01	
2770.60		0.50		0.91		0.14	
2773.70		0.30		<0		.01	
2776.26		0.14		<0		.01	
2784.83		0.22		0.67		0.17	
2785.24		0.07		<0		.01	
2788.20		0.30		<0		.01	
2789.70		0.50		0.88		0.13	
2790.50		0.30		<0		.01	
2794.68		0.12		<0		.01	
2794.80		0.40		0.67		0.13	
2805.50		0.30		<0		.01	
2807.70		0.50		0.29		0.13	
2809.60		0.30		<0		.01	
2815.80		0.30		<0		.01	
2823.70		0.30		<0		.01	
2827.00		0.40		<0		.01	
2832.75		0.18		<0		.01	
2833.50		0.40		0.92		0.21	
2836.35		0.23		<0		.01	
2836.90		1.10		0.39		0.19	
2844.28		0.22		<0		.01	
2845.09		0.20		0.96		0.20	
2847.55		0.11		<0		.01	
2849.90		0.30		1.25		0.12	
2851.56		0.10		<0		.01	
2856.20		0.90		0.31		0.11	
2857.03		0.24		<0		.01	
2862.60		0.30		<0		.01	
2868.63		0.23		<0		.01	
2880.40		0.30		<0		.01	
2880.50		0.90		0.33		0.13	
2885.63		0.18		<0		.01	
2889.50		0.30		<0		.01	
2898.70		0.30		<0		.01	
2901.90		0.60		0.87		0.29	
2901.98		0.24		<0		.01	
2910.42		0.22		0.31		0.14	
2918.20		0.30		<0		.01	
2927.92		0.18		<0		.01	
2928.90		0.21		1.35		0.12	
2931.20		0.50		<0		.01	
2933.30		0.50		<0		.01	
2934.08		0.19		0.63		0.14	
2935.90		0.50		<0		.01	
2938.60		0.30		<0		.01	
2947.40		0.40		0.01		0.00	
2947.71		0.12		1.44		0.13	
2953.30		0.60		<0		.01	
2959.80		0.40		<0		.01	
2966.20		0.30		<0		.01	
2971.34		0.23		<0		.01	
2979.90		0.30		2.40		0.50	
2980.08		0.16		0.01		0.00	
2983.70		0.40		<0		.01	
2985.70		0.40		1.54		0.39	
2986.50		0.40		<0		.01	
3004.56		0.14		<0		.01	
3007.84		0.24		<0		.01	
3011.90		0.30		<0		.01	
3016.80		0.30		<0		.01	
3029.20		0.50		<0		.01	
3033.36		0.19		<0		.01	
3033.50		0.40		0.51		0.12	
3042.91		0.09		<0		.01	
3056.63		0.22		<0		.01	
3067.60		0.30		<0		.01	
3078.10		0.30		<0		.01	
3079.80		0.90		0.43		0.12	
3083.10		0.60		<0		.01	
3084.45		0.20		1.73		0.22	
3085.30		0.60		<0		.01	
3093.20		0.11		2.40		0.24	
3093.35		0.08		0.02		0.00	
3098.62		0.24		<0		.01	
3100.90		0.23		0.96		0.11	
3101.85		0.24		<0		.01	
3106.50		0.30		<0		.01	
3110.30		0.23		<0		.01	
3114.35		0.16		<0		.01	
3124.80		0.40		<0		.01	
3132.60		0.40		<0		.01	
3136.20		0.30		<0		.01	
3136.60		0.90		0.49		0.18	
3148.50		0.40		<0		.01	
3155.60		0.50		<0		.01	
3159.80		0.80		1.83		0.31	
3160.57		0.22		0.01		0.00	
3164.11		0.16		<0		.01	
3172.76		0.23		<0		.01	
3173.80		0.30		1.73		0.40	
3175.43		0.23		<0		.01	
3178.72		0.19		<0		.01	
3186.33		0.16		<0		.01	
3188.00		1.30		0.36		0.17	
3192.30		1.30		0.35		0.17	
3192.30		0.30		<0		.01	
3200.00		0.60		<0		.01	
3202.90		0.30		<0		.01	
3203.29		0.22		1.25		0.12	
3206.71		0.16		<0		.01	
3211.32		0.13		2.31		0.23	
3211.86		0.06		0.03		0.00	
3218.89		0.13		<0		.01	
3224.85		0.22		<0		.01	
3234.10		0.30		<0		.01	
3235.10		0.30		0.88		0.13	
3236.85		0.23		<0		.01	
3244.60		0.30		<0		.01	
3245.00		0.30		0.43		0.13	
3251.62		0.18		<0		.01	
3252.20		0.30		0.53		0.14	
3255.21		0.21		<0		.01	
3267.90		0.30		<0		.01	
3273.30		0.50		<0		.01	
3275.05		0.18		1.54		0.13	
3275.90		0.40		<0		.01	
3290.50		0.70		1.06		0.20	
3290.80		0.30		<0		.01	
3299.80		0.40		<0		.01	
3306.63		0.23		1.83		0.22	
3306.71		0.07		0.01		0.00	
3319.80		0.30		0.53		0.13	
3320.26		0.15		<0		.01	
3333.20		0.30		<0		.01	
3333.80		0.90		0.46		0.20	
3344.32		0.11		1.25		0.30	
3344.53		0.07		0.02		0.00	
3357.01		0.09		0.02		0.00	
3357.06		0.15		1.73		0.40	
3375.11		0.19		0.01		0.00	
3375.13		0.24		0.70		0.21	
3379.20		0.30		1.44		0.21	
3379.30		0.50		<0		.01	
3386.05		0.16		<0		.01	
3386.10		0.30		0.51		0.14	
3391.13		0.19		<0		.01	
3391.70		0.70		0.64		0.14	
3394.30		0.50		<0		.01	
3408.37		0.11		2.21		0.23	
3408.59		0.17		0.02		0.00	
3417.60		0.40		<0		.01	
3418.40		0.30		1.15		0.20	
3420.50		0.60		<0		.01	
3422.42		0.19		2.12		0.23	
3422.60		0.30		0.02		0.00	
3435.10		0.40		<0		.01	
3444.15		0.20		<0		.01	
3448.60		0.60		0.84		0.17	
3448.94		0.16		<0		.01	
3456.27		0.24		<0		.01	
3467.74		0.14		0.02		0.00	
3468.06		0.17		1.63		0.21	
3475.03		0.13		2.31		0.23	
3475.43		0.09		0.02		0.00	
3482.82		0.16		1.73		0.14	
3482.87		0.10		0.02		0.00	
3491.96		0.13		0.02		0.00	
3492.33		0.26		2.21		0.23	
3503.18		0.09		1.73		0.31	
3503.37		0.23		0.01		0.00	
3522.30		0.50		<0		.01	
3522.85		0.23		0.71		0.14	
3524.40		0.50		<0		.01	
3534.40		0.30		0.01		0.00	
3535.00		0.30		0.63		0.14	
3561.44		0.25		1.25		0.12	
3561.78		0.13		0.01		0.00	
3567.80		0.16		2.12		0.23	
3567.87		0.08		0.02		0.00	
3575.56		0.09		0.02		0.00	
3575.80		0.40		2.31		0.50	
3579.15		0.07		0.02		0.00	
3579.50		0.60		2.12		0.31	
3583.13		0.14		<0		.01	
3583.30		0.80		0.67		0.39	
3593.10		0.40		<0		.01	
3597.43		0.26		1.15		0.12	
3597.53		0.12		<0		.01	
3618.30		0.50		<0		.01	
3620.30		0.30		0.57		0.17	
3620.80		0.50		<0		.01	
3626.30		0.40		0.80		0.16	
3626.48		0.14		<0		.01	
3637.95		0.17		<0		.01	
3638.50		0.30		0.67		0.11	
3642.30		0.40		<0		.01	
3655.56		0.20		2.40		0.24	
3655.71		0.06		0.02		0.00	
3668.38		0.14		4.33		0.38	
3668.42		0.04		0.04		0.00	
3673.34		0.11		0.01		0.00	
3673.50		0.40		1.15		0.12	
3687.68		0.08		0.03		0.00	
3688.11		0.16		3.27		0.34	
3697.78		0.15		0.77		0.29	
3697.78		0.08		<0		.01	
3705.19		0.24		<0		.01	
3706.80		0.50		1.25		0.30	
3709.76		0.10		0.01		0.00	
3710.80		0.50		1.25		0.30	
3714.50		0.30		<0		.01	
3731.00		0.50		0.88		0.14	
3731.30		0.30		<0		.01	
3740.25		0.19		2.98		0.26	
3740.37		0.06		0.03		0.00	
3757.06		0.22		1.44		0.13	
3757.30		0.06		0.01		0.00	
3762.83		0.10		0.01		0.00	
3763.11		0.26		1.15		0.12	
3773.49		0.27		1.25		0.21	
3773.50		0.07		0.01		0.00	
3778.60		2.20		0.15		0.11	
3798.29		0.06		0.03		0.00	
3798.38		0.11		3.37		0.27	
3807.03		0.16		0.02		0.00	
3807.43		0.13		1.83		0.14	
3818.40		0.40		<0		.01	
3821.76		0.11		2.12		0.23	
3821.89		0.05		0.02		0.00	
3831.10		0.60		0.36		0.12	
3831.18		0.23		<0		.01	
3841.20		0.40		<0		.01	
3841.50		1.20		0.24		0.14	
3864.20		1.00		0.77		0.29	
3866.24		0.09		0.02		0.00	
3867.87		0.25		1.06		0.39	
3875.94		0.23		<0		.01	
3887.09		0.05		0.03		0.00	
3887.18		0.08		2.88		0.25	
3898.31		0.18		1.25		0.12	
3898.45		0.13		0.01		0.00	
3907.87		0.09		2.60		0.24	
3907.98		0.08		0.02		0.00	
3924.67		0.22		<0		.01	
3924.80		0.90		0.23		0.09	
3931.30		0.40		<0		.01	
3943.04		0.10		0.02		0.00	
3943.10		0.12		2.02		0.15	
3955.30		0.12		0.02		0.00	
3955.76		0.17		1.73		0.14	
3959.35		0.19		<0		.01	
3981.77		0.17		1.63		0.21	
3981.89		0.10		0.01		0.00	
3993.85		0.23		<0		.01	
4014.18		0.06		7.98		0.67	
4014.19		0.07		0.07		0.00	
4021.20		0.60		0.88		0.16	
4021.50		0.40		<0		.01	
4026.16		0.09		0.04		0.00	
4026.24		0.13		4.04		0.37	
4033.56		0.22		<0		.01	
4034.00		0.40		0.85		0.17	
4064.51		0.11		3.85		0.36	
4064.61		0.07		0.03		0.00	
4091.91		0.14		1.63		0.21	
4092.07		0.22		0.01		0.00	
4099.10		0.70		<0		.01	
4131.60		0.14		0.01		0.00	
4132.30		0.70		1.35		0.30	
4162.34		0.21		2.69		0.33	
4162.47		0.07		0.02		0.00	
4200.50		0.12		<0		.01	
4201.18		0.27		0.88		0.14	
4208.79		0.10		<0		.01	
4216.80		0.30		<0		.01	
4226.12		0.23		<0		.01	
4246.62		0.05		9.42		0.79	
4246.72		0.06		0.09		0.01	
4275.60		0.60		0.39		0.11	
4275.70		0.30		<0		.01	
4289.90		0.30		0.78		0.10	
4289.95		0.16		<0		.01	
4297.40		0.30		0.96		0.11	
4297.64		0.14		<0		.01	
4304.65		0.07		4.42		0.39	
4304.72		0.08		0.05		0.00	
4321.22		0.17		1.35		0.12	
4321.26		0.12		0.01		0.00	
4345.40		1.30		<0		.01	
4353.80		0.50		<0		.01	
4357.30		0.40		0.57		0.11	
4357.40		0.30		<0		.01	
4367.06		0.05		0.05		0.00	
4367.19		0.05		5.77		0.44	
4379.78		0.06		3.85		0.29	
4379.87		0.05		0.04		0.00	
4401.35		0.21		<0		.01	
4402.80		0.50		0.42		0.13	
4406.33		0.24		<0		.01	
4439.50		0.90		0.20		0.07	
4454.60		0.70		0.42		0.08	
4460.52		0.05		0.03		0.00	
4460.60		0.11		2.79		0.25	
4465.76		0.24		<0		.01	
4467.20		0.60		0.47		0.08	
4474.10		0.60		0.39		0.08	
4474.30		0.60		<0		.01	
4492.70		0.30		<0		.01	
4518.12		0.06		8.56		0.69	
4518.18		0.04		0.09		0.01	
4528.00		1.20		<0		.01	
4530.00		0.60		0.68		0.21	
4530.80		1.00		<0		.01	
4557.60		0.80		1.15		0.30	
4557.65		0.15		<0		.01	
4562.72		0.05		0.06		0.00	
4562.87		0.17		5.77		0.58	
4578.40		0.70		0.64		0.20	
4579.09		0.12		<0		.01	
4604.67		0.11		<0		.01	
4604.80		0.70		0.67		0.29	
4620.90		0.30		<0		.01	
4634.73		0.06		0.03		0.00	
4634.80		0.11		3.27		0.27	
4705.30		0.40		<0		.01	
4719.78		0.05		0.04		0.00	
4719.86		0.08		3.85		0.36	
4727.90		0.80		0.39		0.09	
4727.94		0.14		<0		.01	
4753.10		1.20		<0		.01	
4818.10		0.50		<0		.01	
4855.40		0.40		<0		.01	
4881.14		0.18		1.25		0.12	
4881.36		0.07		0.01		0.00	
4899.20		0.90		<0		.01	
5040.90		0.30		<0		.01	
5164.50		0.05		37.60		2.46	
5164.62		0.09		0.39		0.04	
5256.15		0.13		2.69		0.25	
5256.19		0.04		0.03		0.00	
5981.70		0.22		<0		.01	
6091.20		0.30		<0		.01	
6144.15		0.04		0.40		0.02	
6144.23		0.08		36.44		2.92	
6190.60		0.04		1.07		0.07	
6190.66		0.10		100.00		8.16	
	182Ta		By Target	183W	
