Thermal Neutron Capture Gammas — Target Nucleus 184W

Target Nucleus=184W
Strongest transition  Eγ=4572.64+-0.05 keV    %Iγ=6.37+-0.10
Eγ
(keV)
ΔEγ
(keV)
Iγ/Iγ(max)
(%)
Δ(Iγ/Iγ(max))
 
14.00		0.00		14.13		1.12	
66.00		0.00		8.63		0.14	
67.00		0.00					
69.00		0.00		3.61		0.06	
69.50		0.00		19.62		0.31	
94.00		0.00		0.47		0.01	
94.59		0.04		2.04		0.32	
107.85		0.02		5.34		0.79	
122.05		0.07		2.67		0.32	
127.40		0.50		0.78		0.31	
131.00		0.00		0.63		0.01	
133.88		0.17		0.78		0.16	
144.16		0.07		2.35		0.32	
145.70		0.30		0.47		0.16	
147.08		0.06		0.63		0.16	
149.40		0.40		0.16		0.16	
158.29		0.14		0.94		0.47	
163.70		0.30		0.47		0.16	
164.33		0.02		12.24		0.51	
173.68		0.02		44.27		1.30	
177.36		0.06		18.68		1.14	
187.88		0.02		16.80		0.68	
202.00		0.00		0.63		0.01	
212.50		0.60		1.26		0.63	
213.12		0.24		0.63		0.31	
235.17		0.11		2.35		0.32	
238.74		0.07		1.26		0.47	
243.38		0.15		2.98		0.16	
249.00		0.30		0.94		0.16	
254.00		0.00		0.63		0.01	
257.30		0.40		0.78		0.31	
266.24		0.07		6.28		0.33	
267.60		0.40		1.57		0.47	
270.90		0.17		0.94		0.31	
277.10		0.40		0.78		0.31	
293.01		0.12		0.47		0.01	
316.60		0.19		0.94		0.16	
324.50		0.30		0.16		0.00	
331.20		0.30		0.16		0.00	
332.00		0.00		0.16		0.00	
353.50		0.50		0.47		0.16	
354.16		0.13		1.41		0.16	
354.43		0.19		0.63		0.16	
372.90		0.50		0.94		0.31	
384.10		0.60		0.31		0.16	
384.30		0.00		0.31		0.16	
388.10		0.00		0.31		0.16	
390.80		0.40		0.47		0.16	
391.96		0.18		0.78		0.16	
400.22		0.19		0.31		0.00	
405.40		0.30		0.31		0.00	
413.57		0.24		0.47		0.16	
416.40		0.40		0.31		0.00	
418.18		0.03		8.95		1.26	
419.77		0.04		16.01		1.59	
422.07		0.18		1.26		0.16	
431.16		0.11		0.78		0.01	
433.30		0.40		0.31		0.16	
434.80		0.40		0.31		0.16	
437.40		0.30		0.16		0.16	
450.50		0.00		0.31		0.16	
451.68		0.03		18.52		0.43	
458.90		0.40		1.57		0.79	
464.13		0.07		3.92		0.94	
464.93		0.06		1.41		0.31	
468.30		0.40		0.31		0.16	
475.34		0.06		7.06		0.33	
477.20		0.50		2.20		0.79	
482.00		0.40		0.63		0.16	
486.30		0.03		8.16		0.64	
487.00		0.00		0.31		0.16	
488.81		0.17		1.57		0.63	
489.50		0.00		0.31		0.16	
489.56		0.09		3.14		0.16	
490.40		0.00		0.16		0.00	
495.91		0.10		0.78		0.31	
518.21		0.04		7.85		0.34	
518.60		0.30		0.78		0.16	
528.94		0.04		4.24		0.32	
529.70		0.30		0.63		0.16	
541.80		0.21		1.57		0.63	
542.90		0.30		0.63		0.16	
544.59		0.06		2.04		0.63	
553.76		0.10		1.57		0.31	
554.15		0.18		1.57		0.16	
555.73		0.13		1.88		0.16	
556.85		0.09		3.30		0.17	
558.67		0.07		2.83		0.63	
559.52		0.21		0.31		0.16	
562.78		0.08		0.78		0.16	
568.40		0.30		2.35		0.47	
568.99		0.13		0.47		0.01	
569.90		0.05		25.27		0.88	
570.20		0.00		0.16		0.00	
571.20		0.50		0.16		0.00	
574.70		0.00		0.16		0.00	
576.80		0.30		0.47		0.16	
580.36		0.05		21.19		0.85	
594.57		0.21		0.94		0.31	
597.34		0.04		14.13		2.21	
608.00		0.30		0.31		0.00	
609.30		0.30		1.10		0.31	
614.12		0.14		1.41		0.16	
616.29		0.18		0.94		0.16	
616.90		0.40		0.31		0.16	
618.20		0.00		0.16		0.00	
621.40		0.60		0.31		0.16	
622.50		0.40		0.47		0.16	
623.50		0.30		0.47		0.16	
623.80		0.40		0.31		0.16	
633.20		0.50		1.26		0.31	
634.93		0.12		0.78		0.16	
636.10		0.30		4.71		0.48	
636.10		0.40		0.31		0.16	
636.35		0.07		25.59		1.17	
639.00		0.50		0.63		0.01	
639.25		0.22		5.02		1.57	
639.76		0.05		23.39		0.87	
639.80		0.30		0.47		0.31	
648.30		0.00		0.47		0.16	
650.29		0.16		1.26		0.16	
657.62		0.09		1.73		0.16	
663.29		0.05		24.18		0.87	
663.60		0.40		0.16		0.00	
663.72		0.09		14.60		0.97	
667.40		0.60		1.26		0.63	
669.03		0.24		0.47		0.16	
673.30		0.14		2.04		0.32	
674.00		0.00		0.16		0.00	
674.47		0.05		13.81		0.52	
675.11		0.15		0.63		0.16	
675.60		0.40		0.63		0.31	
676.10		0.70		0.16		0.00	
682.42		0.09		1.10		0.16	
693.75		0.18		0.94		0.16	
695.00		0.30		0.78		0.01	
695.90		0.90		1.41		0.63	
701.70		0.40		0.94		0.31	
702.11		0.12		2.83		0.32	
702.69		0.13		1.88		0.47	
703.30		0.40		0.47		0.16	
703.91		0.15		1.41		0.31	
706.19		0.12		15.86		0.97	
706.26		0.18		0.94		0.16	
706.89		0.08		6.75		0.79	
708.36		0.17		1.41		0.16	
708.51		0.05		1.88		0.63	
708.90		0.60		0.16		0.00	
709.79		0.20		2.20		0.47	
709.81		0.22		1.26		0.63	
712.40		0.00		0.16		0.16	
713.90		0.30					
715.10		0.04		6.59		0.79	
721.07		0.08		2.35		0.63	
727.40		0.30		0.94		0.16	
729.15		0.21		1.10		0.16	
729.81		0.19		5.02		1.10	
731.43		0.21		1.26		0.31	
732.30		0.30		2.83		0.63	
733.59		0.21		11.77		1.42	
738.50		0.20		0.94		0.16	
739.40		0.40		0.47		0.16	
744.33		0.05		20.41		4.72	
745.20		0.40		0.47		0.16	
756.76		0.04		27.47		0.90	
757.10		0.30		0.47		0.16	
761.00		0.40		2.98		1.10	
762.32		0.16		2.04		0.32	
767.80		0.00		0.31		0.16	
767.91		0.06		11.62		1.11	
773.50		0.60		0.47		0.31	
775.52		0.11		2.20		0.16	
778.60		0.50		0.47		0.16	
779.91		0.08		8.79		0.80	
789.80		0.50		2.51		0.79	
790.80		0.50		0.16		0.00	
792.60		0.30		0.47		0.16	
793.10		0.40		0.31		0.16	
795.20		0.50		0.47		0.16	
797.21		0.11		2.67		0.32	
799.08		0.20		1.10		0.31	
802.70		0.30		0.47		0.16	
803.30		0.30		0.94		0.16	
803.86		0.22		10.68		1.42	
804.70		0.30		0.47		0.16	
805.71		0.05		8.79		0.34	
809.20		0.30		0.63		0.16	
816.50		0.30		0.63		0.16	
816.71		0.08		0.63		0.16	
816.96		0.23		0.63		0.16	
817.20		0.40		2.83		0.94	
817.36		0.24		1.41		0.31	
822.77		0.05		46.31		1.07	
824.16		0.23		13.19		3.46	
824.40		0.50		0.31		0.00	
827.45		0.25		6.12		1.10	
828.20		0.40		2.83		0.94	
832.90		0.30		0.63		0.16	
835.70		0.50		0.16		0.00	
840.43		0.18		1.57		0.16	
843.03		0.20		1.10		0.16	
846.10		0.30		0.47		0.16	
846.90		0.40		0.16		0.00	
848.00		0.30		0.94		0.31	
850.21		0.20		0.16		0.00	
851.40		0.30		0.63		0.16	
854.20		0.00		0.31		0.00	
867.95		0.21		1.57		0.47	
870.03		0.08		5.81		0.33	
870.30		0.70		0.31		0.16	
872.07		0.05		10.05		0.65	
874.52		0.14		3.77		0.47	
875.30		0.40		0.16		0.00	
875.64		0.11		4.40		0.32	
876.20		0.50		0.31		0.16	
879.98		0.20		1.26		0.16	
881.00		0.40		1.10		0.31	
883.40		0.30		0.78		0.16	
883.50		0.30		4.24		0.63	
889.15		0.04					
891.59		0.15		1.26		0.16	
893.90		1.10		8.16		2.67	
894.10		0.40		0.63		0.31	
894.80		0.30		1.57		0.63	
901.92		0.18		3.77		0.47	
902.10		0.60		0.31		0.16	
906.40		0.30		0.47		0.16	
906.70		0.30		0.63		0.31	
909.80		0.30		0.78		0.16	
911.20		0.00		0.16		0.00	
912.28		0.06		66.09		1.51	
914.90		0.70		0.16		0.00	
917.50		1.40		4.71		0.94	
933.20		0.50		0.94		0.31	
935.20		0.50		0.16		0.00	
935.50		0.00		0.16		0.00	
936.65		0.20		0.47		0.01	
939.68		0.10		2.20		0.16	
941.50		0.40		0.31		0.00	
942.39		0.09		7.06		0.48	
944.16		0.23		0.78		0.16	
944.32		0.08		10.20		0.96	
945.63		0.23		0.78		0.16	
947.20		0.30		1.10		0.16	
948.51		0.10		6.59		0.48	
949.80		0.30		1.57		0.31	
950.40		0.60		0.31		0.16	
950.73		0.09		1.88		0.16	
954.90		0.60		0.47		0.16	
955.67		0.17		0.94		0.16	
957.60		0.60		0.94		0.31	
963.30		0.00		0.16		0.00	
967.40		0.60		0.47		0.16	
968.10		0.30		0.31		0.16	
969.10		0.50		0.63		0.16	
969.48		0.15		0.78		0.16	
970.00		0.30		0.63		0.16	
973.60		0.30		0.31		0.16	
974.40		0.12		8.63		0.64	
975.28		0.06		1.10		0.16	
975.53		0.10		2.67		0.16	
980.30		0.30		0.31		0.00	
981.10		0.50		0.16		0.00	
982.03		0.11		3.14		0.16	
988.26		0.22		0.31		0.00	
988.90		0.60		0.31		0.16	
993.27		0.25		0.63		0.16	
993.56		0.22		0.31		0.00	
998.90		0.40		0.31		0.00	
1000.53		0.22		0.78		0.16	
1005.78		0.05		21.04		0.85	
1006.50		0.30		0.63		0.31	
1007.40		0.90		0.16		0.16	
1008.22		0.15		8.16		0.95	
1008.30		0.80		0.16		0.16	
1011.10		0.80		0.16		0.16	
1011.60		0.70		0.16		0.16	
1012.10		0.30		2.67		0.32	
1012.60		0.30		0.31		0.00	
1014.90		0.40		0.31		0.00	
1016.30		0.50		0.16		0.00	
1018.40		0.50		0.94		0.47	
1019.90		0.40		0.16		0.00	
1030.00		0.40		0.47		0.16	
1031.04		0.04		17.58		0.55	
1035.40		0.00		0.78		0.01	
1035.83		0.15		3.61		0.32	
1041.80		0.00		0.31		0.00	
1042.50		0.50		0.31		0.16	
1043.81		0.13		0.94		0.16	
1044.39		0.17		4.87		0.63	
1044.58		0.12		0.78		0.16	
1045.80		0.00		0.16		0.00	
1051.60		0.30		0.78		0.16	
1054.00		0.40		0.31		0.16	
1055.60		0.30		0.47		0.16	
1065.03		0.13		1.57		0.16	
1065.12		0.15		1.57		0.47	
1071.35		0.24		0.78		0.16	
1078.42		0.23		5.18		0.95	
1082.30		0.50		0.16		0.00	
1085.60		0.60		0.31		0.16	
1087.95		0.05		11.93		0.51	
1092.10		0.30		0.31		0.00	
1097.80		0.60		0.16		0.00	
1098.50		0.50		0.47		0.16	
1098.60		0.07		6.44		0.33	
1099.10		0.50					
1101.64		0.13		1.41		0.31	
1102.19		0.13		0.78		0.01	
1103.71		0.23		0.63		0.16	
1112.70		0.40		0.94		0.16	
1115.33		0.06		6.28		0.33	
1119.70		0.40		0.47		0.16	
1122.20		0.30		0.47		0.16	
1122.22		0.18		7.54		4.40	
1125.60		0.06		26.69		0.89	
1133.84		0.25		0.78		0.31	
1149.30		0.30		0.31		0.16	
1150.30		0.70		0.16		0.00	
1150.60		0.40		0.78		0.16	
1152.90		0.50		0.94		0.31	
1152.97		0.07		11.15		0.50	
1153.20		0.70		0.16		0.16	
1155.81		0.20		0.47		0.01	
1157.82		0.06		21.51		0.71	
1175.30		0.60		0.47		0.16	
1177.30		0.60		0.31		0.16	
1179.50		0.50		1.41		0.31	
1181.39		0.06		56.67		2.96	
1188.01		0.24		1.10		0.16	
1191.60		0.40		0.31		0.00	
1193.03		0.11		2.98		0.16	
1195.44		0.05		20.88		0.71	
1204.80		0.50		0.47		0.16	
1214.10		0.40		0.31		0.00	
1217.10		0.60		0.16		0.00	
1218.93		0.07		3.77		0.17	
1220.30		0.30		0.78		0.16	
1220.40		0.30		1.26		0.16	
1220.70		0.00		0.16		0.00	
1226.74		0.17		0.78		0.16	
1236.70		0.50		0.94		0.31	
1238.10		0.30		0.31		0.00	
1239.30		0.00		0.16		0.00	
1243.80		0.30		0.31		0.16	
1247.40		0.50		0.16		0.00	
1250.60		0.70		0.31		0.16	
1253.90		0.30		0.63		0.16	
1254.96		0.13		0.78		0.01	
1255.20		0.30		0.94		0.16	
1256.20		0.50		0.31		0.16	
1263.20		0.13		2.20		0.16	
1269.10		0.70		0.31		0.16	
1270.30		0.30		0.31		0.00	
1271.30		0.50		0.63		0.16	
1279.50		0.40		0.63		0.16	
1286.55		0.06		7.22		0.48	
1292.90		0.40		0.31		0.16	
1299.17		0.11		1.73		0.16	
1299.72		0.24		0.47		0.16	
1307.11		0.23		0.63		0.16	
1308.90		0.30		0.94		0.16	
1311.38		0.19		1.10		0.31	
1313.40		0.30		0.63		0.16	
1317.70		0.70		0.16		0.00	
1318.30		0.40		0.31		0.00	
1322.10		0.00		0.16		0.16	
1329.20		0.40		0.31		0.16	
1337.34		0.21		0.78		0.16	
1342.20		0.40		2.83		0.94	
1346.50		0.50		0.31		0.00	
1347.71		0.08		10.05		1.27	
1350.20		0.60		0.31		0.16	
1353.10		0.60		0.16		0.00	
1362.21		0.21		0.78		0.16	
1362.40		0.50		0.31		0.16	
1369.64		0.10		4.08		0.48	
1372.50		0.40		0.31		0.00	
1374.90		1.00		0.31		0.16	
1374.95		0.23		0.31		0.16	
1377.20		0.60		0.63		0.16	
1378.44		0.24		0.78		0.16	
1398.90		0.50		0.31		0.16	
1402.93		0.08		4.40		0.17	
1403.85		0.12		1.41		0.16	
1417.58		0.12		17.11		1.13	
1419.50		0.60		3.14		1.10	
1426.80		0.70		0.31		0.16	
1430.60		0.30		0.78		0.16	
1441.05		0.08		5.49		0.63	
1441.70		0.50		0.16		0.16	
1445.40		0.30		0.94		0.16	
1447.20		0.40		0.63		0.16	
1455.60		0.50		0.16		0.00	
1460.80		0.70		0.16		0.00	
1467.10		0.50		0.31		0.16	
1468.94		0.12		4.71		0.32	
1469.00		0.00		0.16		0.00	
1472.97		0.17		2.20		0.16	
1479.20		0.70		0.16		0.16	
1486.11		0.15		1.57		0.31	
1497.10		0.30		0.78		0.16	
1506.90		0.30		0.47		0.16	
1507.60		0.40		0.78		0.16	
1511.20		0.70		0.16		0.16	
1511.99		0.14		1.57		0.16	
1528.60		0.60		0.31		0.16	
1531.00		0.30		0.94		0.16	
1535.27		0.14		1.57		0.16	
1539.50		0.60		0.47		0.16	
1542.70		0.70		0.31		0.16	
1545.30		0.40		0.78		0.16	
1546.92		0.00		0.31		0.00	
1549.50		0.30		0.47		0.16	
1549.90		0.70		0.16		0.00	
1551.90		0.50		0.63		0.16	
1552.10		0.40		0.31		0.16	
1565.01		0.21		1.57		0.16	
1570.50		0.60		0.63		0.16	
1572.70		0.30		0.63		0.16	
1577.70		0.60		0.16		0.00	
1578.00		0.40		0.31		0.16	
1581.30		0.70		0.16		0.00	
1583.60		0.40		0.31		0.00	
1587.10		0.40		1.10		0.31	
1588.10		0.50		0.47		0.16	
1589.90		0.50		0.31		0.00	
1595.80		0.40		0.47		0.16	
1600.10		0.50		0.63		0.16	
1600.90		0.60		0.16		0.16	
1603.70		0.60		0.16		0.00	
1604.30		0.90		0.78		0.47	
1608.33		0.18		1.10		0.16	
1609.32		0.22		1.10		0.16	
1620.78		0.24		0.63		0.16	
1623.40		0.30		0.78		0.16	
1625.18		0.14		1.73		0.16	
1634.00		0.00		0.16		0.00	
1642.00		0.70		0.16		0.00	
1643.98		0.11		3.14		0.47	
1650.40		0.30		0.63		0.16	
1650.80		0.11		2.51		0.16	
1652.10		0.40		0.47		0.16	
1652.64		0.10		2.83		0.16	
1654.00		0.00		0.16		0.00	
1658.60		0.70		0.31		0.16	
1681.10		0.60		0.63		0.16	
1695.07		0.16		2.04		0.47	
1695.40		0.30		0.78		0.16	
1704.04		0.13		2.51		0.16	
1708.70		1.00		0.31		0.16	
1713.60		0.40		0.47		0.16	
1718.85		0.09		3.61		0.47	
1731.58		0.18		1.57		0.16	
1734.00		0.00		0.16		0.00	
1736.00		0.60		0.16		0.00	
1743.40		0.00					
1745.40		0.30		0.63		0.16	
1749.20		0.00		0.16		0.00	
1750.30		0.40		1.10		0.31	
1760.50		0.90		0.16		0.16	
1765.70		0.90		0.16		0.00	
1769.80		0.70		0.16		0.00	
1773.07		0.15		1.73		0.16	
1773.50		0.40		0.63		0.16	
1774.16		0.17		1.57		0.16	
1784.90		0.00		0.16		0.00	
1785.00		0.90		0.16		0.00	
1790.70		0.50		0.47		0.16	
1797.60		0.40		0.47		0.16	
1803.60		0.60		0.31		0.16	
1815.47		0.10		4.71		0.79	
1817.10		0.30		0.94		0.16	
1818.90		0.60		1.26		0.31	
1828.00		0.00		0.16		0.00	
1836.50		0.80		0.31		0.16	
1838.10		0.80		0.16		0.16	
1839.16		0.24		0.94		0.16	
1842.00		0.40		0.31		0.00	
1842.60		0.30		1.88		0.32	
1851.30		0.90		0.16		0.16	
1859.90		0.70		0.31		0.16	
1861.80		0.80		0.31		0.16	
1864.20		0.80		0.31		0.16	
1867.40		0.40		0.78		0.16	
1879.30		0.40		0.47		0.16	
1883.20		0.40		0.47		0.16	
1883.34		0.24		1.10		0.16	
1886.40		0.50		0.31		0.00	
1887.30		0.00					
1890.70		0.30		0.31		0.00	
1898.38		0.11		2.83		0.32	
1907.70		0.00		0.31		0.16	
1910.00		0.80		0.16		0.16	
1911.80		0.40		0.78		0.16	
1913.40		0.00		0.31		0.00	
1922.00		0.00					
1926.10		0.00		0.31		0.16	
1931.10		0.30		1.26		0.16	
1933.10		0.70		0.16		0.00	
1934.40		0.80		0.31		0.16	
1953.87		0.24		0.31		0.31	
1956.55		0.07		6.75		0.48	
1961.10		0.70		0.31		0.16	
1973.81		0.11		2.35		0.32	
1977.00		0.70		0.16		0.16	
1977.50		0.60		0.63		0.16	
1980.20		0.70		0.47		0.16	
2029.30		1.00		0.31		0.16	
2037.69		0.21		0.63		0.16	
2037.90		0.40		0.31		0.16	
2043.71		0.11		5.97		0.48	
2044.80		0.90		0.31		0.16	
2048.80		0.30		0.47		0.16	
2057.40		0.30		0.47		0.01	
2067.03		0.22		1.41		0.31	
2067.16		0.08		4.24		0.32	
2073.30		0.90		0.16		0.16	
2085.65		0.25		0.78		0.16	
2087.00		0.50		0.31		0.16	
2098.20		0.70		0.31		0.00	
2107.50		0.40		0.31		0.16	
2113.40		0.40		0.31		0.16	
2120.40		0.50		0.31		0.00	
2126.00		0.40		0.47		0.01	
2130.67		0.24		1.41		0.31	
2132.40		0.40		0.31		0.16	
2155.88		0.17		1.26		0.16	
2161.69		0.18		1.41		0.16	
2174.96		0.17		2.67		0.47	
2178.40		0.60		0.16		0.16	
2188.89		0.25		0.31		0.16	
2191.70		0.40		0.31		0.16	
2199.00		0.50		0.16		0.16	
2202.40		0.40		0.31		0.16	
2202.51		0.12		2.67		0.32	
2226.20		0.40		0.31		0.16	
2229.20		0.60		0.31		0.16	
2231.80		0.30		1.88		0.32	
2244.50		0.40		0.94		0.31	
2260.10		0.60		0.31		0.16	
2269.80		1.50		0.47		0.31	
2272.40		0.40		1.41		0.94	
2274.90		0.30		2.04		0.79	
2283.80		0.30		0.94		0.47	
2286.70		0.30		2.20		0.94	
2297.20		0.30		1.73		0.63	
2326.10		0.30		2.83		0.63	
2329.50		0.30		1.10		0.63	
2334.10		0.30		0.94		0.31	
2361.40		0.30		1.41		0.47	
2370.10		0.30		2.51		0.32	
2385.20		0.60		0.78		0.31	
2415.80		0.50		1.73		0.79	
2418.00		0.40		2.67		0.79	
2443.40		0.30		1.10		0.47	
2456.00		0.40		1.73		0.47	
2459.60		0.70		1.41		0.31	
2477.00		0.30		1.10		0.79	
2504.90		0.80		1.41		0.63	
2511.16		0.18		1.88		0.63	
2516.86		0.22		2.04		0.79	
2537.97		0.14		0.94		0.47	
2552.60		0.13		1.88		0.63	
2562.20		0.40		0.63		0.47	
2590.30		0.17		1.57		0.47	
2601.48		0.20		3.30		0.47	
2604.90		0.24		3.45		0.47	
2609.00		0.50		1.41		0.47	
2626.95		0.15		4.08		0.63	
2630.28		0.24		1.41		0.47	
2646.30		0.30		1.73		0.32	
2652.80		0.30		1.10		0.47	
2659.30		0.30		2.35		0.63	
2662.30		0.80		0.63		0.47	
2690.11		0.18		0.78		0.47	
2700.72		0.21		2.51		0.32	
2704.31		0.20		2.35		0.32	
2762.16		0.15		5.02		0.48	
2768.88		0.22		2.04		0.47	
2775.90		0.30		2.51		0.79	
2788.00		0.30		4.08		0.79	
2803.70		0.30		1.88		0.63	
2810.60		0.50		1.10		0.63	
2826.33		0.15		1.57		0.79	
2831.97		0.16		1.41		0.47	
2843.29		0.17		1.41		0.47	
2873.20		0.23		2.67		0.32	
2882.37		0.24		1.57		0.31	
2898.30		0.40		1.57		0.47	
2942.10		0.40		2.35		0.63	
2950.43		0.14		3.92		0.32	
2956.30		0.22		3.30		0.47	
2969.10		0.15		3.61		0.32	
2993.80		0.40		1.10		0.31	
3016.80		0.30		2.35		0.63	
3025.40		0.60		1.73		0.47	
3069.10		0.60		1.88		0.47	
3072.90		0.30		2.83		0.47	
3079.20		0.40		1.73		0.47	
3085.70		0.40		1.57		0.31	
3098.78		0.14		1.57		0.79	
3103.80		0.40		1.73		0.32	
3109.10		0.30		1.88		0.32	
3122.10		0.30		0.94		0.31	
3144.42		0.18		2.67		0.32	
3149.78		0.15		3.92		0.32	
3163.80		0.30		2.20		0.32	
3170.43		0.16		3.45		0.79	
3174.74		0.14		2.04		1.10	
3178.84		0.21		3.77		0.47	
3185.30		0.30		0.94		0.63	
3201.30		0.50		1.26		0.31	
3225.83		0.12		3.30		0.79	
3234.31		0.23		3.77		0.63	
3237.72		0.25		1.26		0.79	
3243.50		0.40		1.73		0.32	
3268.15		0.09		5.34		0.32	
3274.20		0.50		1.26		0.31	
3292.33		0.23		4.08		1.26	
3313.00		0.40		1.57		0.47	
3320.50		0.50		1.57		0.47	
3328.80		0.30		1.41		0.47	
3337.84		0.19		2.04		0.63	
3346.01		0.19		3.92		0.79	
3350.30		0.50		1.88		0.47	
3362.40		0.30		1.10		0.63	
3369.50		0.30		2.98		0.32	
3374.57		0.14		9.89		0.80	
3377.91		0.23		1.41		0.79	
3385.88		0.20		6.12		0.64	
3414.55		0.21		3.45		0.47	
3427.21		0.24		1.57		0.79	
3438.10		0.30		4.71		0.63	
3441.60		0.90		2.35		0.63	
3458.50		0.90		0.78		0.31	
3469.80		0.50		1.41		0.79	
3478.50		0.70		1.10		0.31	
3485.95		0.12		6.59		0.48	
3499.23		0.14		5.81		0.48	
3529.14		0.18		5.81		0.48	
3538.99		0.23		6.44		0.64	
3545.40		0.40		2.67		0.47	
3575.40		0.16		3.61		0.63	
3615.80		0.30		2.35		0.32	
3623.52		0.17		3.61		0.32	
3637.20		0.60		1.26		0.31	
3678.60		0.50		2.20		0.32	
3686.80		1.10		18.21		1.14	
3742.10		0.90		2.20		0.79	
3746.80		0.30		1.10		0.79	
3776.01		0.14		3.45		0.47	
3797.75		0.16		9.89		0.65	
3822.80		0.30		2.98		0.47	
3831.98		0.24		3.92		0.47	
3870.69		0.22		7.06		0.33	
3887.33		0.23		2.98		0.32	
3903.15		0.19		3.45		0.47	
3911.86		0.14		4.55		2.20	
3914.36		0.09		15.70		0.67	
3956.35		0.06		11.30		0.65	
3978.90		0.40		2.35		0.47	
4016.30		0.40		3.61		0.63	
4023.72		0.04		4.24		1.10	
4035.26		0.16		13.19		0.66	
4079.80		0.30		6.75		0.95	
4095.30		0.30		2.83		0.63	
4110.10		0.30		4.08		0.48	
4141.29		0.14		6.91		0.48	
4181.09		0.17		5.18		2.20	
4192.50		0.50		1.88		0.47	
4218.52		0.04		27.00		0.76	
4258.10		0.30		4.71		0.48	
4312.57		0.05		27.79		0.76	
4388.00		1.00		0.78		0.31	
4400.30		0.40		0.16		0.00	
4441.10		0.30		0.16		0.00	
4467.33		0.09		14.60		0.52	
4515.00		0.60		2.20		0.47	
4534.87		0.03		67.82		1.42	
4563.10		1.00		0.16		0.00	
4572.64		0.05		100.00		2.22	
4652.80		0.70		3.61		2.36	
4685.16		0.06		1.57		0.79	
4711.40		1.30		0.94		0.47	
4718.20		0.50		1.57		0.47	
4748.28		0.10		71.90		2.20	
4774.40		0.40		0.78		0.16	
4786.07		0.14		3.45		0.79	
4835.90		1.00		0.94		0.31	
4927.10		0.30		2.35		0.63	
4930.10		0.70		0.78		0.16	
4931.25		0.09		28.89		1.19	
4986.06		0.08		13.34		0.52	
5024.00		0.13		5.18		0.63	
5090.59		0.04		59.03		1.56	
5658.60		1.10		1.10		0.47	
5729.20		1.30		0.78		0.47	
5753.65		0.05		35.64		0.84	
	183W		By Target	186W	
