Thermal Neutron Capture Gammas — Target Nucleus 27Al

Target Nucleus=27Al
Strongest transition  Eγ=30.64+-0.00 keV    %Iγ=27.90+-0.00
Eγ
(keV)
ΔEγ
(keV)
Iγ/Iγ(max)
(%)
Δ(Iγ/Iγ(max))
 
30.64		0.00		100.00		0.00	
310.20		0.00					
400.58		0.03		2.26		0.25	
455.68		0.18		1.04		0.25	
548.70		0.13		0.82		0.11	
647.90		1.20		0.25		0.14	
831.45		0.04		4.66		0.72	
863.24		0.00		0.36		0.11	
865.88		0.15		1.94		0.25	
941.79		0.06		4.66		0.36	
945.10		0.50		0.86		0.25	
968.71		0.15		1.51		0.22	
983.02		0.02		15.77		1.79	
1013.68		0.02		9.68		1.08	
1073.87		0.11		2.04		0.25	
1101.80		0.40		2.51		0.72	
1125.54		0.21		1.36		0.25	
1173.40		0.30		1.40		0.32	
1193.64		0.10		2.15		0.36	
1283.54		0.07		3.94		0.36	
1283.54		0.07		3.94		0.36	
1304.80		0.30		0.68		0.18	
1342.30		0.11		3.58		0.36	
1364.99		0.20		1.36		0.22	
1373.30		0.50		0.54		0.29	
1408.30		0.06		11.11		1.08	
1437.40		0.00		0.97		0.22	
1513.75		0.00		0.18		0.07	
1526.17		0.11		6.45		0.72	
1570.24		0.00		0.68		0.22	
1589.72		0.08		5.73		0.72	
1592.29		0.12		1.29		0.18	
1620.26		0.00		0.36		0.00	
1622.87		0.06		16.49		1.79	
1642.35		0.10		1.08		0.18	
1673.43		0.11		0.82		0.11	
1705.38		0.08		1.40		0.18	
1720.00		0.30		0.29		0.18	
1720.00		0.30		0.29		0.18	
1720.00		0.30		0.29		0.18	
1864.59		0.22		1.65		0.25	
1927.87		0.16		4.30		0.72	
1963.68		0.20		0.18		0.04	
1968.35		0.12		0.36		0.04	
1975.20		0.50		0.11		0.04	
1975.20		0.50		0.11		0.04	
1975.20		0.50		0.11		0.04	
1975.20		0.50		0.11		0.04	
1983.99		0.20		3.94		0.36	
2047.70		0.23		0.25		0.04	
2108.24		0.04		10.04		0.36	
2128.81		0.07		1.22		0.07	
2138.83		0.02		7.89		0.36	
2170.70		0.03		1.61		0.11	
2247.21		0.23		0.14		0.04	
2255.42		0.05		1.97		0.14	
2271.65		0.02		7.53		0.36	
2276.70		1.10		0.14		0.11	
2276.70		1.10		0.14		0.11	
2276.70		1.10		0.14		0.11	
2279.10		0.70		0.29		0.11	
2282.77		0.01		16.85		0.72	
2299.94		0.10		0.43		0.04	
2313.30		0.30		0.14		0.04	
2347.38		0.10		0.57		0.04	
2380.34		0.05		0.75		0.04	
2384.30		0.30		0.11		0.04	
2419.36		0.08		0.50		0.04	
2451.48		0.04		1.40		0.07	
2455.80		0.30		0.14		0.04	
2486.09		0.07		0.65		0.04	
2502.85		0.07		0.57		0.04	
2534.62		0.12		0.29		0.04	
2548.08		0.08		0.54		0.04	
2552.07		0.12		0.32		0.04	
2563.51		0.23		0.36		0.04	
2567.80		0.30		2.51		0.04	
2577.73		0.02		7.89		0.36	
2582.20		0.50		0.18		0.04	
2590.24		0.01		15.05		0.72	
2625.90		0.02		4.91		0.25	
2656.34		0.07		0.57		0.04	
2691.00		0.30		0.11		0.04	
2709.67		0.02		2.47		0.14	
2717.40		0.40		0.07		0.00	
2724.60		0.50		0.07		0.04	
2728.27		0.05		0.97		0.04	
2733.64		0.03		1.36		0.07	
2743.74		0.19		0.18		0.04	
2821.46		0.02		13.98		0.72	
2862.24		0.22		0.14		0.04	
2876.29		0.08		0.43		0.04	
2881.20		0.30		0.11		0.00	
2887.22		0.04		0.82		0.04	
2893.87		0.17		0.18		0.04	
2902.70		0.70		0.04		0.00	
2921.84		0.03		1.00		0.04	
2954.88		0.19		0.82		0.11	
2974.00		0.30		0.07		0.00	
2987.69		0.17		1.15		0.14	
3016.70		0.70		0.22		0.07	
3020.30		0.70		0.25		0.07	
3023.80		0.80		0.18		0.07	
3033.89		0.01		31.54		1.43	
3053.60		0.40		0.07		0.00	
3068.16		0.10		0.29		0.04	
3075.65		0.09		0.29		0.04	
3128.51		0.04		0.86		0.04	
3142.22		0.06		0.57		0.04	
3191.20		0.12		0.18		0.00	
3208.27		0.07		0.32		0.04	
3222.83		0.12		0.18		0.00	
3230.68		0.20		0.11		0.00	
3254.90		0.30		0.07		0.00	
3263.18		0.16		0.36		0.04	
3265.49		0.04		1.51		0.11	
3303.15		0.01		4.09		0.22	
3316.50		0.30		0.11		0.00	
3346.98		0.02		1.79		0.11	
3375.08		0.24		0.11		0.00	
3392.00		0.10		2.04		0.11	
3409.20		0.30		0.07		0.00	
3448.03		0.23		0.11		0.00	
3465.07		0.01		25.09		1.43	
3472.30		0.30		0.22		0.04	
3480.77		0.16		0.43		0.04	
3560.55		0.02		3.33		0.18	
3569.90		0.30		0.14		0.04	
3591.21		0.01		16.85		0.72	
3598.66		0.12		0.54		0.04	
3623.74		0.07		0.32		0.04	
3634.80		0.60		0.04		0.00	
3639.88		0.09		0.25		0.00	
3659.08		0.09		0.22		0.00	
3671.22		0.08		0.25		0.00	
3678.15		0.05		1.11		0.07	
3702.22		0.07		0.29		0.00	
3708.98		0.02		1.61		0.07	
3721.52		0.22		0.11		0.00	
3725.10		0.30		0.07		0.00	
3750.83		0.18		0.14		0.00	
3750.83		0.18		0.14		0.00	
3754.70		0.15		0.14		0.00	
3768.60		0.40		0.04		0.00	
3789.33		0.01		3.12		0.14	
3803.70		0.50		0.04		0.00	
3820.90		0.40		0.11		0.04	
3823.90		0.03		2.01		0.11	
3849.11		0.01		11.11		0.72	
3859.47		0.24		0.18		0.04	
3865.70		0.40		0.11		0.04	
3875.48		0.01		9.68		0.36	
3881.80		0.40		0.11		0.04	
3889.73		0.06		0.82		0.04	
3900.65		0.07		0.82		0.04	
3904.76		0.08		0.72		0.04	
3926.86		0.24		0.07		0.00	
3935.28		0.02		1.18		0.07	
3949.80		0.40		0.04		0.00	
4001.70		0.05		0.50		0.04	
4015.66		0.01		2.62		0.14	
4023.21		0.05		0.50		0.04	
4045.00		0.23		0.07		0.00	
4054.04		0.05		0.50		0.04	
4059.78		0.19		0.11		0.00	
4068.99		0.04		0.57		0.04	
4085.10		0.50		0.04		0.00	
4101.70		0.50		0.07		0.00	
4119.90		0.40		0.14		0.04	
4119.90		0.40		0.14		0.04	
4125.09		0.22		0.32		0.04	
4133.41		0.01		24.73		1.08	
4162.40		0.50		0.07		0.00	
4162.40		0.50		0.07		0.00	
4169.38		0.06		0.43		0.04	
4175.96		0.23		0.11		0.00	
4185.23		0.10		0.22		0.00	
4213.49		0.11		0.22		0.00	
4218.04		0.22		0.11		0.00	
4237.43		0.10		0.22		0.00	
4237.43		0.10		0.22		0.00	
4259.54		0.01		24.37		1.08	
4270.10		0.30		0.18		0.04	
4280.37		0.10		0.61		0.04	
4330.75		0.12		0.18		0.00	
4377.62		0.02		1.54		0.07	
4384.10		0.40		0.04		0.00	
4396.40		0.06		0.22		0.00	
4424.24		0.03		1.29		0.07	
4428.41		0.01		2.90		0.14	
4447.27		0.19		0.07		0.00	
4461.60		0.10		0.14		0.00	
4484.53		0.06		0.25		0.00	
4511.86		0.05		0.29		0.00	
4565.67		0.15		0.11		0.00	
4575.56		0.02		1.08		0.07	
4582.21		0.11		0.14		0.00	
4596.14		0.04		0.43		0.04	
4613.20		0.40		0.07		0.00	
4617.77		0.12		0.29		0.04	
4621.47		0.05		0.68		0.04	
4660.04		0.01		9.32		0.36	
4690.68		0.01		16.49		0.72	
4733.85		0.01		19.71		1.08	
4737.40		0.09		1.61		0.07	
4754.24		0.04		1.36		0.07	
4764.45		0.03		3.26		0.18	
4769.61		0.15		0.39		0.04	
4783.00		0.50		0.04		0.00	
4812.54		0.17		0.11		0.00	
4868.80		0.09		0.22		0.00	
4903.12		0.01		11.11		0.72	
4965.80		0.40		0.04		0.00	
4984.30		0.04		0.39		0.04	
4996.64		0.07		0.22		0.00	
5005.45		0.09		0.18		0.00	
5016.50		1.20					
5031.50		1.70		0.07		0.00	
5068.58		0.03		0.61		0.04	
5103.72		0.02		1.40		0.07	
5130.40		0.15		0.39		0.04	
5134.34		0.01		10.75		0.36	
5141.80		0.40		0.07		0.00	
5176.44		0.06		0.25		0.00	
5184.99		0.13		0.11		0.00	
5203.54		0.21		0.07		0.00	
5209.30		0.24		0.07		0.00	
5213.40		0.50		0.04		0.00	
5228.40		0.40		0.04		0.00	
5238.48		0.02		0.93		0.04	
5269.91		0.06		0.22		0.00	
5277.56		0.16		0.07		0.00	
5302.65		0.01		1.68		0.07	
5315.14		0.12		0.11		0.00	
5344.24		0.17		0.07		0.00	
5377.27		0.04		0.29		0.00	
5411.07		0.01		7.17		0.36	
5427.19		0.07		0.32		0.00	
5441.90		0.30		0.07		0.00	
5446.88		0.15		0.14		0.00	
5452.77		0.03		0.61		0.04	
5459.39		0.18		0.07		0.00	
5522.96		0.06		0.22		0.00	
5564.60		0.50		0.04		0.00	
5585.54		0.05		3.94		0.18	
5594.70		0.40		0.04		0.00	
5709.85		0.01		2.01		0.11	
5719.14		0.16		0.07		0.00	
5729.60		0.40		0.04		0.00	
5748.20		0.40					
5760.57		0.24		0.07		0.00	
5766.25		0.02		1.36		0.07	
5796.94		0.04		0.43		0.04	
5802.76		0.10		0.14		0.00	
5829.89		0.24		0.04		0.00	
5860.13		0.03		0.57		0.04	
5879.03		0.24		0.11		0.00	
5882.60		0.60		0.04		0.00	
5923.42		0.07		0.14		0.00	
5969.54		0.15		0.07		0.00	
5988.32		0.15		0.07		0.00	
6018.88		0.03		0.68		0.04	
6101.40		0.05		9.32		0.36	
6109.60		0.70		0.04		0.00	
6121.30		0.50		0.04		0.00	
6161.80		0.30		0.04		0.00	
6198.14		0.01		2.40		0.11	
6210.80		0.30		0.04		0.00	
6255.05		0.23		0.04		0.00	
6289.60		0.80					
6316.02		0.01		7.17		0.36	
6329.50		0.80		0.04		0.00	
6351.36		0.04		0.39		0.04	
6390.20		0.50		0.04		0.00	
6420.00		0.50		0.04		0.00	
6440.65		0.01		2.37		0.11	
6449.50		0.50		0.04		0.00	
6459.69		0.22		0.07		0.00	
6591.61		0.04		0.57		0.04	
6619.59		0.14		0.86		0.07	
6621.79		0.18		0.68		0.07	
6628.40		0.50		0.04		0.00	
6710.70		0.02		3.23		0.18	
6725.15		0.08		0.32		0.00	
6752.32		0.12		0.22		0.00	
6800.70		0.30		0.07		0.00	
6823.03		0.11		0.22		0.00	
6862.22		0.04		0.61		0.04	
6894.27		0.17		0.11		0.00	
6936.97		0.05		0.43		0.04	
7135.24		0.12		0.18		0.00	
7175.53		0.05		0.47		0.04	
7237.68		0.08		0.32		0.00	
7268.44		0.14		0.14		0.00	
7342.25		0.11		0.22		0.00	
7377.00		0.30		0.07		0.00	
7407.73		0.11		0.22		0.00	
7693.40		0.01		11.83		0.72	
7724.03		0.01		96.06		0.36	
	26Mg		By Target	28Si	
