Thermal Neutron Capture Gammas — Target Nucleus 59Ni

Target Nucleus=59Ni
Strongest transition  Eγ=1332.54+-0.05 keV    %Iγ=60.52+-1.22
Eγ
(keV)
ΔEγ
(keV)
Iγ/Iγ(max)
(%)
Δ(Iγ/Iγ(max))
 
119.90		0.30		0.07		0.02	
123.65		0.20		0.02		0.00	
139.11		0.17		0.03		0.00	
158.34		0.12		0.03		0.00	
215.16		0.18		0.03		0.00	
216.95		0.25		0.03		0.00	
229.62		0.10		0.07		0.00	
277.38		0.14		0.05		0.00	
305.70		0.30		0.03		0.00	
355.67		0.11		0.07		0.02	
393.76		0.06		0.36		0.02	
431.90		0.40		0.02		0.00	
467.28		0.03		1.59		0.07	
493.30		0.40		0.02		0.00	
497.76		0.04		0.26		0.02	
521.24		0.08		0.26		0.02	
541.00		0.30		0.03		0.00	
555.81		0.19		0.05		0.00	
569.50		0.40		0.02		0.00	
604.62		0.23		0.03		0.00	
642.96		0.05		0.20		0.00	
660.27		0.16		0.05		0.00	
667.40		0.50		0.02		0.00	
672.90		0.06		0.17		0.00	
677.17		0.05		0.31		0.01	
680.42		0.04		0.33		0.01	
693.57		0.11		0.08		0.00	
702.11		0.14		0.05		0.00	
727.07		0.18		0.05		0.00	
739.20		0.30		0.07		0.02	
747.33		0.03		1.83		0.05	
749.70		0.30		0.12		0.02	
751.90		0.40		0.07		0.02	
758.50		0.40		0.05		0.02	
770.30		0.30		0.02		0.00	
805.60		0.40		0.02		0.00	
813.48		0.07		0.15		0.00	
826.11		0.03		14.13		0.39	
839.08		0.19		0.05		0.00	
841.20		0.30		0.03		0.00	
851.90		0.30		0.05		0.00	
853.80		0.40		0.03		0.00	
868.06		0.20		0.05		0.00	
883.10		0.30		0.03		0.00	
896.23		0.06		0.26		0.02	
909.05		0.04		1.35		0.04	
913.63		0.14		0.10		0.02	
952.26		0.03		25.12		0.85	
964.80		0.30		0.05		0.00	
983.90		0.40		0.02		0.00	
993.48		0.03		0.36		0.02	
1005.83		0.10		0.12		0.02	
1027.56		0.04		0.51		0.02	
1035.23		0.03		2.31		0.08	
1064.20		0.40		0.05		0.02	
1091.42		0.09		0.15		0.00	
1110.31		0.09		0.18		0.02	
1113.90		0.30		0.12		0.02	
1154.82		0.12		0.10		0.02	
1159.09		0.13		0.10		0.02	
1173.24		0.03		1.06		0.09	
1194.40		0.50		0.03		0.02	
1234.51		0.07		0.17		0.02	
1244.93		0.22		0.05		0.02	
1248.86		0.15		0.08		0.02	
1293.20		0.90		0.83		0.12	
1296.30		0.40		0.07		0.02	
1306.50		0.50		0.05		0.02	
1308.16		0.25		0.10		0.02	
1332.54		0.05		100.00		2.85	
1354.08		0.09		0.15		0.02	
1358.67		0.18		0.07		0.02	
1380.40		0.30		0.10		0.02	
1381.80		0.30		0.08		0.02	
1385.97		0.14		0.08		0.02	
1392.30		0.50		0.02		0.00	
1399.40		0.40		0.02		0.00	
1404.40		0.30		0.03		0.02	
1419.40		0.10		0.12		0.02	
1424.24		0.04		0.56		0.02	
1429.07		0.03		1.11		0.03	
1434.00		0.30		0.03		0.02	
1451.88		0.16		0.07		0.02	
1472.60		0.60		0.05		0.02	
1474.60		0.30		0.12		0.02	
1485.94		0.19		0.08		0.02	
1491.50		0.30		0.07		0.02	
1497.91		0.25		0.07		0.02	
1510.83		0.21		0.07		0.02	
1532.65		0.12		0.12		0.02	
1562.80		0.30		0.08		0.02	
1564.60		0.70		0.03		0.02	
1568.00		0.50		0.03		0.00	
1575.84		0.13		0.17		0.02	
1585.33		0.13		0.15		0.02	
1592.53		0.04		0.99		0.03	
1606.10		0.14		0.13		0.02	
1621.20		0.50		0.03		0.02	
1628.90		0.40		0.05		0.02	
1632.99		0.18		0.12		0.02	
1636.42		0.13		0.18		0.02	
1643.60		0.40		0.07		0.02	
1684.40		0.30		0.07		0.02	
1692.45		0.08		0.26		0.02	
1712.30		0.09		1.67		0.05	
1734.98		0.11		0.35		0.02	
1741.30		0.50		0.03		0.02	
1766.50		0.30		0.07		0.02	
1786.90		0.30		0.12		0.02	
1791.19		0.03		6.89		0.15	
1813.50		0.50		0.15		0.02	
1816.10		0.50		0.03		0.02	
1829.90		0.40		0.03		0.02	
1853.67		0.07		0.38		0.02	
1861.33		0.03		3.01		0.09	
1878.00		0.40		0.05		0.02	
1881.15		0.12		0.17		0.02	
1888.40		0.30		0.07		0.02	
1919.28		0.07		0.30		0.02	
1936.41		0.06		0.41		0.02	
1985.27		0.03		8.18		0.22	
2028.50		0.50		0.05		0.02	
2040.85		0.19		0.12		0.02	
2060.58		0.03		1.27		0.04	
2152.60		0.30		0.08		0.02	
2158.63		0.03		2.20		0.08	
2176.84		0.04		0.64		0.02	
2198.10		0.40		0.07		0.02	
2245.40		0.15		0.15		0.02	
2255.18		0.05		0.51		0.02	
2263.17		0.04		0.78		0.02	
2282.00		0.30		0.05		0.02	
2311.00		0.18		0.12		0.02	
2317.65		0.20		0.12		0.02	
2320.70		0.40		0.05		0.02	
2334.40		0.30		0.07		0.02	
2341.90		0.40		0.05		0.02	
2375.60		0.30		0.07		0.02	
2389.25		0.05		0.68		0.02	
2392.60		0.30		0.08		0.02	
2401.83		0.03		1.75		0.05	
2418.65		0.20		0.10		0.02	
2478.42		0.07		0.30		0.02	
2488.73		0.10		0.20		0.02	
2493.80		0.30		0.07		0.00	
2496.90		0.30		0.05		0.00	
2517.00		0.09		0.55		0.02	
2525.40		0.30		0.07		0.02	
2538.53		0.04		1.01		0.03	
2547.35		0.21		0.10		0.02	
2554.69		0.10		0.28		0.02	
2572.20		0.40		0.03		0.02	
2578.20		0.50		0.03		0.02	
2586.98		0.12		0.17		0.02	
2593.30		0.40		0.03		0.02	
2601.50		0.40		0.05		0.02	
2607.10		0.22		0.10		0.02	
2613.90		0.30		0.07		0.02	
2620.40		0.08		0.28		0.02	
2627.40		0.30		0.07		0.02	
2633.30		0.30		0.07		0.02	
2673.86		0.04		3.59		0.10	
2684.19		0.12		0.38		0.02	
2687.33		0.04		1.60		0.05	
2707.44		0.08		0.33		0.02	
2721.59		0.25		0.08		0.02	
2745.47		0.06		0.55		0.02	
2749.50		0.40		0.07		0.02	
2770.50		0.30		0.08		0.02	
2779.42		0.14		0.18		0.02	
2785.73		0.14		0.20		0.02	
2797.70		0.50		0.05		0.02	
2822.30		0.30		0.08		0.02	
2831.30		0.60		0.03		0.02	
2846.90		0.50		0.07		0.02	
2874.42		0.19		0.15		0.02	
2883.00		0.40		0.08		0.02	
2907.50		0.30		0.07		0.02	
2938.60		0.40		0.05		0.02	
2985.97		0.07		0.71		0.02	
3002.50		0.40		0.05		0.02	
3022.90		0.20		0.15		0.02	
3027.86		0.16		0.17		0.02	
3040.50		0.40		0.07		0.02	
3046.70		0.70		0.03		0.02	
3058.00		0.70		0.03		0.02	
3062.50		0.50		0.05		0.02	
3101.20		0.60		0.03		0.02	
3123.70		0.05		0.76		0.05	
3129.60		0.30		0.07		0.02	
3160.60		0.06		0.58		0.02	
3167.70		0.40		0.10		0.02	
3193.77		0.04		1.35		0.03	
3215.27		0.08		0.28		0.02	
3233.00		0.30		0.07		0.02	
3244.90		0.09		0.33		0.02	
3264.00		0.50		0.05		0.02	
3268.78		0.12		0.17		0.02	
3276.32		0.20		0.10		0.02	
3288.50		0.30		0.05		0.02	
3296.30		0.30		0.08		0.02	
3302.11		0.24		0.08		0.02	
3352.80		0.40		0.05		0.02	
3354.50		0.40		0.12		0.02	
3359.50		0.40		0.07		0.02	
3369.40		0.40		0.05		0.02	
3393.05		0.20		0.10		0.02	
3426.30		0.50		0.21		0.05	
3428.00		0.40		0.21		0.05	
3436.90		0.30		0.17		0.02	
3440.37		0.17		0.20		0.02	
3446.77		0.17		0.18		0.02	
3453.67		0.11		0.30		0.02	
3487.10		0.40		0.05		0.02	
3495.12		0.16		0.25		0.02	
3511.07		0.18		0.40		0.02	
3513.60		0.30		0.17		0.02	
3517.30		0.30		0.10		0.02	
3551.94		0.14		0.30		0.02	
3569.53		0.13		0.20		0.02	
3589.00		0.30		0.12		0.02	
3596.40		0.40		0.08		0.02	
3603.40		0.70		0.05		0.02	
3620.64		0.14		0.26		0.02	
3625.60		0.40		0.08		0.02	
3632.40		0.60		0.05		0.02	
3641.10		0.40		0.10		0.02	
3658.90		0.30		0.12		0.02	
3697.70		0.60		0.07		0.02	
3700.90		0.90		0.07		0.02	
3703.40		0.80		0.08		0.02	
3732.23		0.22		0.33		0.03	
3743.71		0.13		0.40		0.02	
3794.80		0.40		0.12		0.02	
3817.70		0.50		0.08		0.02	
3836.10		0.50		0.07		0.02	
3870.94		0.07		0.79		0.04	
3892.40		0.50		0.10		0.02	
3895.40		0.50		0.10		0.02	
3913.70		0.30		0.10		0.02	
3939.50		0.40		0.10		0.02	
3955.20		0.60		0.05		0.02	
3973.40		0.50		0.10		0.02	
3983.60		0.40		0.12		0.02	
4006.30		0.04		2.69		0.09	
4019.74		0.05		3.77		0.11	
4021.40		0.50		0.17		0.02	
4048.20		0.40		0.12		0.02	
4066.30		0.30		0.13		0.02	
4071.49		0.22		0.17		0.02	
4077.60		0.90		0.05		0.02	
4080.00		0.70		0.07		0.02	
4111.60		0.80		0.10		0.02	
4114.40		0.60		0.15		0.02	
4164.75		0.11		0.43		0.02	
4168.32		0.19		0.21		0.02	
4180.50		0.70		0.03		0.02	
4204.00		0.70		0.05		0.02	
4255.60		0.60		0.07		0.02	
4279.80		0.40		0.08		0.02	
4305.20		0.60		0.05		0.02	
4318.52		0.11		0.30		0.02	
4331.24		0.15		0.25		0.02	
4335.37		0.23		0.20		0.02	
4338.30		0.30		0.15		0.02	
4348.20		0.40		0.07		0.02	
4356.60		0.30		0.10		0.02	
4370.70		0.50		0.05		0.02	
4377.65		0.13		0.26		0.02	
4390.40		0.30		0.10		0.02	
4430.30		0.40		0.08		0.02	
4475.58		0.10		0.33		0.02	
4487.56		0.25		0.12		0.02	
4492.30		0.60		0.05		0.02	
4507.04		0.18		0.36		0.02	
4545.90		0.50		0.17		0.03	
4548.20		0.30		0.36		0.03	
4553.00		0.30		0.17		0.02	
4577.37		0.14		0.33		0.02	
4617.20		0.40		0.12		0.02	
4631.20		0.50		0.08		0.02	
4639.10		0.60		0.07		0.02	
4678.30		0.50		0.12		0.02	
4683.00		0.50		0.10		0.02	
4693.60		0.50		0.10		0.02	
4740.48		0.12		0.51		0.02	
4744.70		0.50		0.10		0.02	
4760.10		0.40		0.12		0.02	
4819.90		0.60		0.07		0.02	
4843.76		0.09		0.88		0.04	
4871.70		0.80		0.05		0.02	
4898.40		0.40		0.15		0.02	
4906.10		0.50		0.10		0.02	
4922.34		0.25		0.35		0.02	
4950.10		0.50		0.23		0.03	
5005.50		0.70		0.07		0.02	
5025.43		0.25		0.20		0.02	
5046.40		0.70		0.07		0.02	
5059.80		0.60		0.08		0.02	
5064.79		0.07		1.14		0.04	
5097.80		0.60		0.07		0.02	
5132.60		0.50		0.07		0.02	
5148.10		0.30		0.13		0.02	
5152.61		0.25		0.15		0.02	
5157.90		0.90		0.03		0.02	
5173.60		0.30		0.12		0.02	
5184.90		0.50		0.07		0.02	
5193.40		0.30		0.13		0.02	
5234.82		0.10		0.51		0.02	
5245.50		0.50		0.07		0.02	
5254.46		0.14		0.33		0.02	
5287.80		0.70		0.05		0.02	
5299.10		0.50		0.17		0.03	
5306.70		0.40		0.08		0.02	
5320.69		0.18		0.21		0.02	
5393.30		0.30		0.13		0.02	
5407.76		0.13		0.35		0.02	
5419.50		0.60		0.05		0.02	
5452.10		0.50		0.07		0.02	
5468.50		0.60		0.07		0.02	
5472.80		0.50		0.08		0.02	
5485.02		0.08		0.84		0.02	
5509.46		0.11		0.50		0.02	
5527.40		0.50		0.08		0.02	
5578.70		0.60		0.05		0.02	
5611.80		0.40		0.08		0.02	
5640.40		0.70		0.05		0.02	
5659.90		0.80		0.03		0.02	
5676.64		0.04		2.10		0.05	
5710.52		0.10		0.81		0.04	
5714.96		0.18		0.36		0.02	
5723.00		0.50		0.08		0.02	
5759.10		0.70		0.05		0.02	
5775.08		0.06		1.60		0.05	
5875.20		0.70		0.03		0.02	
5886.30		0.70		0.05		0.02	
5889.90		0.50		0.07		0.02	
5911.30		0.80		0.03		0.02	
5933.30		0.70		0.03		0.02	
5940.50		0.30		0.17		0.02	
5944.30		0.50		0.08		0.02	
5952.40		0.50		0.05		0.02	
5967.50		0.80		0.03		0.02	
5983.40		0.50		0.05		0.02	
6003.90		0.70		0.03		0.02	
6067.20		0.80		0.03		0.02	
6099.40		0.30		0.13		0.02	
6162.50		0.60		0.07		0.02	
6260.19		0.20		0.15		0.02	
6322.29		0.11		1.26		0.04	
6351.20		0.40		0.07		0.02	
6382.30		0.50		0.07		0.02	
6434.01		0.10		0.50		0.02	
6458.42		0.18		0.21		0.02	
6464.90		0.30		0.20		0.02	
6543.44		0.18		1.32		0.06	
6608.29		0.15		0.66		0.04	
6627.12		0.19		0.28		0.02	
6809.91		0.09		0.74		0.04	
6839.38		0.12		2.71		0.16	
6894.23		0.11		0.61		0.02	
6911.70		0.30		0.21		0.02	
7032.90		0.70		0.07		0.02	
7051.67		0.12		0.50		0.02	
7068.67		0.08		0.93		0.04	
7275.90		0.90		0.05		0.02	
7309.22		0.14		0.48		0.02	
7367.31		0.05		4.38		0.15	
7380.77		0.04		5.45		0.18	
7473.00		0.80		0.07		0.02	
7499.40		0.40		0.17		0.02	
7516.17		0.04		4.58		0.15	
7652.88		0.08		0.96		0.03	
7689.50		0.50		0.10		0.02	
7761.60		0.80		0.07		0.02	
7799.40		0.06		1.54		0.05	
7915.10		0.90		0.05		0.02	
7951.40		0.80		0.05		0.02	
7993.95		0.10		0.69		0.02	
8069.26		0.04		7.14		0.20	
8117.60		0.90		0.10		0.03	
8193.24		0.04		4.26		0.14	
8200.88		0.17		0.46		0.02	
8263.35		0.05		3.57		0.14	
8504.20		0.90		0.05		0.02	
9102.10		0.04		19.80		0.54	
9228.19		0.09		2.56		0.10	
10054.14		0.07		18.42		0.50	
11386.50		0.09		48.22		2.05	
	58Ni		By Target	60Ni	
