Thermal Neutron Capture Gammas — Target Nucleus 63Cu

Target Nucleus=63Cu
Strongest transition  Eγ=7916.26+-0.08 keV    %Iγ=33.10+-0.60
Eγ
(keV)
ΔEγ
(keV)
Iγ/Iγ(max)
(%)
Δ(Iγ/Iγ(max))
 
159.28		0.00		45.32		6.70	
184.61		0.01		0.57		0.12	
192.53		0.05		0.54		0.06	
202.95		0.00		14.80		2.13	
212.39		0.01		3.14		0.28	
214.97		0.05		0.94		0.09	
247.58		0.04		1.00		0.12	
261.33		0.05		0.79		0.06	
264.88		0.02		2.45		0.19	
278.24		0.01		72.51		12.16	
291.71		0.12		0.18		0.03	
318.90		0.70		0.91		0.60	
320.70		1.00		0.54		0.54	
330.47		0.05		0.76		0.48	
343.94		0.03		17.82		2.74	
362.30		0.05		0.36		0.03	
376.85		0.02		2.11		0.13	
381.34		0.08		0.66		0.06	
384.74		0.05		4.59		0.46	
395.28		0.15		0.33		0.06	
427.40		0.40		0.06		0.03	
440.13		0.12		0.21		0.03	
449.51		0.01		3.23		0.16	
460.79		0.02		1.15		0.06	
467.99		0.01		5.47		0.23	
494.85		0.01		1.99		0.10	
503.65		0.06		4.83		1.21	
532.94		0.20		0.51		0.12	
534.11		0.08		2.18		0.19	
565.43		0.17		0.18		0.03	
579.75		0.01		7.49		0.25	
583.22		0.10		0.42		0.06	
587.00		0.30		0.12		0.03	
608.75		0.03		23.56		1.00	
617.43		0.02		2.24		0.07	
625.35		0.05		0.45		0.03	
632.34		0.03		0.76		0.03	
634.78		0.09		0.27		0.03	
648.80		0.04		8.64		0.39	
663.06		0.05		6.13		0.35	
689.08		0.05		0.51		0.03	
695.41		0.16		0.18		0.03	
711.94		0.09		0.30		0.03	
736.52		0.09		0.24		0.03	
739.12		0.03		0.82		0.03	
747.34		0.06		0.33		0.03	
767.79		0.01		2.05		0.05	
775.90		0.30		0.06		0.00	
779.65		0.07		0.30		0.03	
782.29		0.14		0.15		0.03	
804.29		0.21		0.15		0.03	
814.45		0.04		0.66		0.03	
822.33		0.05		0.30		0.01	
831.18		0.02		0.73		0.01	
846.87		0.04		0.36		0.01	
858.09		0.19		0.33		0.06	
878.28		0.02		3.08		0.08	
890.26		0.04		0.48		0.03	
897.06		0.05		0.88		0.03	
912.37		0.06		0.30		0.01	
924.91		0.05		0.51		0.03	
927.05		0.03		1.00		0.04	
937.01		0.05		0.39		0.03	
946.64		0.05		0.57		0.03	
953.97		0.08		0.36		0.03	
957.27		0.07		0.45		0.03	
960.63		0.09		0.54		0.03	
962.68		0.04		1.30		0.04	
974.17		0.09		0.42		0.03	
992.11		0.09		0.27		0.03	
998.28		0.08		0.63		0.03	
1009.35		0.05		0.57		0.03	
1019.59		0.03		1.18		0.04	
1019.59		0.03					
1032.68		0.14		0.12		0.00	
1059.95		0.08		0.27		0.00	
1074.49		0.21		0.21		0.03	
1076.35		0.05		0.85		0.03	
1081.74		0.03		0.97		0.03	
1119.55		0.19		0.12		0.03	
1127.84		0.03		0.73		0.03	
1136.59		0.06		0.54		0.03	
1138.82		0.02		2.48		0.08	
1158.83		0.01		2.27		0.07	
1165.21		0.06		0.36		0.03	
1177.04		0.21		0.09		0.00	
1194.89		0.03		0.88		0.03	
1198.75		0.16		0.21		0.03	
1220.84		0.04		0.60		0.03	
1232.13		0.03		0.94		0.03	
1241.50		0.09		1.66		0.18	
1242.56		0.08		1.51		0.18	
1250.45		0.08		0.27		0.03	
1279.41		0.04		0.57		0.03	
1287.40		0.20		0.12		0.03	
1293.92		0.11		0.21		0.00	
1298.13		0.02		1.24		0.04	
1303.90		0.11		0.21		0.03	
1316.24		0.07		0.33		0.03	
1320.31		0.02		2.21		0.07	
1327.62		0.11		0.21		0.00	
1339.88		0.04		0.69		0.03	
1354.68		0.19		0.15		0.03	
1361.76		0.03		1.42		0.07	
1391.25		0.12		0.24		0.03	
1398.70		0.18		0.24		0.03	
1401.66		0.19		0.24		0.03	
1407.08		0.13		0.27		0.03	
1417.27		0.04		0.82		0.03	
1428.17		0.14		0.18		0.03	
1435.30		0.40		0.06		0.00	
1438.75		0.07		0.39		0.03	
1447.69		0.04		0.57		0.03	
1476.10		0.08		0.54		0.03	
1481.75		0.20		0.18		0.03	
1484.85		0.25		0.15		0.03	
1499.54		0.13		0.42		0.03	
1501.94		0.20		0.27		0.03	
1508.68		0.08		0.36		0.03	
1521.20		0.03		1.21		0.06	
1535.70		0.17		0.15		0.03	
1541.56		0.17		0.15		0.03	
1556.84		0.10		0.30		0.03	
1560.94		0.09		0.33		0.03	
1570.22		0.21		0.15		0.03	
1574.36		0.05		0.66		0.03	
1594.42		0.07		0.36		0.03	
1619.24		0.06		0.76		0.03	
1630.10		0.30		0.15		0.03	
1641.70		0.17		0.15		0.03	
1649.52		0.11		0.24		0.03	
1670.92		0.06		0.48		0.03	
1683.09		0.03		1.45		0.07	
1729.70		0.22		0.24		0.03	
1742.83		0.20		0.27		0.03	
1747.30		0.30		0.18		0.03	
1761.01		0.22		0.24		0.03	
1782.20		0.10		0.60		0.03	
1790.30		0.24		0.12		0.03	
1799.48		0.08		0.39		0.03	
1808.50		0.30		0.12		0.03	
1826.20		0.50		0.06		0.03	
1830.34		0.14		0.27		0.03	
1834.22		0.15		0.24		0.03	
1844.67		0.21		0.15		0.03	
1852.64		0.03		1.27		0.06	
1900.25		0.05		0.73		0.03	
1904.80		0.06		0.57		0.03	
1910.18		0.14		0.24		0.03	
1918.69		0.11		0.30		0.03	
1929.50		0.60		0.09		0.03	
1972.59		0.07		0.51		0.03	
2037.53		0.07		0.51		0.03	
2048.90		0.10		0.33		0.03	
2082.45		0.08		0.42		0.03	
2123.06		0.23		0.27		0.03	
2141.73		0.07		0.79		0.06	
2153.71		0.06		0.91		0.06	
2280.36		0.11		0.39		0.03	
2291.42		0.07		0.97		0.06	
2365.32		0.17		0.48		0.06	
2413.70		0.24		0.24		0.03	
2465.43		0.11		0.39		0.03	
2497.89		0.09		2.48		0.19	
2533.53		0.18		0.42		0.06	
2572.03		0.19		0.63		0.06	
2605.20		0.40		0.36		0.09	
2656.80		0.30		0.60		0.09	
2666.60		1.40		0.12		0.09	
2724.80		0.50		0.27		0.06	
2732.13		0.21		0.73		0.09	
2772.20		0.30		0.54		0.06	
2776.80		0.40		0.33		0.06	
2811.10		1.10		0.18		0.09	
2830.10		0.40		0.36		0.06	
2838.20		0.40		0.42		0.09	
2885.30		0.40		0.30		0.06	
2904.60		1.60		0.09		0.06	
2932.06		0.17		0.82		0.06	
2993.91		0.20		0.66		0.06	
3001.40		0.70		0.18		0.06	
3018.10		0.50		0.27		0.06	
3022.80		0.40		0.30		0.06	
3052.20		0.30		0.63		0.09	
3074.90		0.80		0.21		0.09	
3108.00		0.70		0.21		0.06	
3111.60		0.60		0.24		0.06	
3133.90		0.30		0.36		0.06	
3140.00		0.30		0.48		0.06	
3145.40		0.40		0.36		0.06	
3153.05		0.17		0.85		0.06	
3175.26		0.25		0.45		0.06	
3232.30		0.50		0.21		0.06	
3253.20		0.40		0.42		0.06	
3257.26		0.24		0.73		0.09	
3312.40		0.30		0.60		0.09	
3316.58		0.25		0.88		0.09	
3361.60		0.50		0.24		0.06	
3366.80		0.30		0.42		0.06	
3385.73		0.21		0.51		0.06	
3431.60		0.30		0.48		0.06	
3442.60		0.40		0.27		0.06	
3464.55		0.22		0.79		0.09	
3472.20		0.30		0.54		0.06	
3478.00		0.50		0.30		0.06	
3482.90		0.50		0.36		0.06	
3506.70		0.70		0.21		0.06	
3510.50		0.40		0.36		0.06	
3521.02		0.24		0.51		0.06	
3552.90		0.70		0.24		0.06	
3588.52		0.23		1.03		0.12	
3591.38		0.17		1.51		0.12	
3597.10		0.30		0.39		0.06	
3603.90		0.50		0.18		0.06	
3615.00		0.30		0.63		0.09	
3617.70		0.40		0.48		0.09	
3623.10		0.40		0.27		0.03	
3628.36		0.22		0.51		0.06	
3651.60		0.50		0.18		0.03	
3667.60		0.40		0.24		0.03	
3714.00		0.70		0.18		0.06	
3718.10		0.70		0.18		0.06	
3729.60		0.90		0.12		0.03	
3751.20		0.17		0.82		0.06	
3757.50		0.40		0.30		0.06	
3775.27		0.21		0.60		0.06	
3781.80		0.50		0.21		0.06	
3802.00		0.40		0.30		0.06	
3819.50		0.50		0.24		0.06	
3844.44		0.15		1.48		0.09	
3874.70		0.50		0.27		0.09	
3883.00		0.40		0.45		0.06	
3911.80		0.50		0.27		0.06	
3916.78		0.18		0.97		0.06	
3923.83		0.17		0.97		0.06	
4033.40		0.40		0.30		0.06	
4050.00		0.22		0.57		0.06	
4089.11		0.14		0.76		0.03	
4133.08		0.13		1.15		0.06	
4144.69		0.19		0.60		0.06	
4166.70		0.60		0.15		0.06	
4204.37		0.15		0.76		0.03	
4286.62		0.13		1.03		0.06	
4297.87		0.19		0.57		0.06	
4312.80		0.30		0.85		0.09	
4320.24		0.10		4.08		0.17	
4391.90		0.30		0.39		0.06	
4405.00		0.12		0.91		0.06	
4423.12		0.22		0.42		0.03	
4440.90		0.30		0.57		0.06	
4444.35		0.24		0.76		0.06	
4450.86		0.20		0.51		0.03	
4475.66		0.11		1.45		0.07	
4497.01		0.13		1.12		0.06	
4504.04		0.11		1.48		0.07	
4518.30		0.40		0.27		0.06	
4562.95		0.12		0.94		0.06	
4572.50		0.30		0.30		0.03	
4580.20		0.50		0.18		0.03	
4603.07		0.09		1.63		0.07	
4610.80		0.30		0.27		0.03	
4658.53		0.08		2.33		0.07	
4708.90		0.40		0.27		0.03	
4790.70		0.30		0.33		0.03	
4803.80		0.30		0.36		0.03	
4828.80		0.50		0.18		0.03	
4835.10		0.90		0.09		0.03	
4847.40		0.30		0.33		0.03	
4883.00		0.60		0.12		0.03	
4903.08		0.20		0.45		0.03	
4983.51		0.16		0.60		0.03	
5019.50		0.30		0.57		0.06	
5023.20		0.30		0.54		0.06	
5085.30		0.11		1.00		0.04	
5139.86		0.23		0.54		0.03	
5152.11		0.13		0.82		0.03	
5183.89		0.12		1.12		0.06	
5190.09		0.08		2.02		0.07	
5240.00		0.50		0.21		0.03	
5258.67		0.07		3.11		0.08	
5269.40		0.50		0.24		0.03	
5280.67		0.17		0.76		0.06	
5321.30		0.50		0.18		0.03	
5355.20		0.90		0.09		0.03	
5385.00		3.00		0.03		0.03	
5408.88		0.11		1.21		0.06	
5418.49		0.05		5.59		0.14	
5450.75		0.20		0.48		0.03	
5492.50		1.00		0.12		0.03	
5528.20		0.30		0.36		0.03	
5555.78		0.13		0.82		0.03	
5600.50		0.40		0.30		0.03	
5615.01		0.09		1.48		0.07	
5636.18		0.11		1.24		0.06	
5728.70		0.50		0.18		0.03	
5771.48		0.13		1.54		0.07	
5824.00		2.00		0.91		0.02	
5866.16		0.22		0.42		0.03	
6010.83		0.07		4.80		0.13	
6015.70		0.30		0.69		0.06	
6063.65		0.09		1.84		0.07	
6136.05		0.19		0.60		0.03	
6166.90		0.30		0.51		0.06	
6233.00		0.40		0.33		0.03	
6308.61		0.25		0.51		0.03	
6321.54		0.13		1.09		0.04	
6365.60		0.30		0.33		0.03	
6394.86		0.06		4.20		0.12	
6416.90		0.40		0.27		0.03	
6477.15		0.23		0.51		0.03	
6553.00		3.00		0.30		0.01	
6595.63		0.11		1.90		0.07	
6618.15		0.08		3.41		0.11	
6628.90		0.50		0.30		0.06	
6674.85		0.06		6.01		0.14	
6988.96		0.06		10.60		0.24	
7037.83		0.16		1.18		0.06	
7170.10		0.24		0.91		0.06	
7177.07		0.07		7.73		0.19	
7253.05		0.06		12.54		0.27	
7307.31		0.06		27.07		0.61	
7555.10		0.60		0.24		0.06	
7572.32		0.08		5.26		0.13	
7638.00		0.09		48.94		1.50	
7756.91		0.09		4.77		0.13	
7916.26		0.08		100.00		2.56	
	64Ni		By Target	65Cu	
