*XCOM:
*
*Constituents (Atomic Number : Fraction by Weight)
* Z=1	: 0.078762
* Z=6	: 0.821238
* Z=29	: 0.100000
*       PHOTON      SCATTERING      PHOTO-    PAIR PRODUCTION  TOTAL ATTENUATION
*       ENERGY   COHERENT INCOHER. ELECTRIC    IN       IN       WITH   WITHOUT
*                                 ABSORPTION NUCLEAR ELECTRON  COHERENT COHERENT
*                                             FIELD    FIELD    SCATT.   SCATT.
*         (MeV)    (cm2/g)   (cm2/g)   (cm2/g)   (cm2/g)   (cm2/g)   (cm2/g)   (cm2/g)

       1.000E-03 1.419E+00 1.493E-02 2.872E+03 0.000E+00 0.000E+00 2.873E+03 2.872E+03
       1.047E-03 1.406E+00 1.616E-02 2.528E+03 0.000E+00 0.000E+00 2.529E+03 2.528E+03
       1.096E-03 1.394E+00 1.748E-02 2.226E+03 0.000E+00 0.000E+00 2.227E+03 2.226E+03

29 L1  1.096E-03 1.394E+00 1.748E-02 2.336E+03 0.000E+00 0.000E+00 2.337E+03 2.336E+03
       1.500E-03 1.291E+00 2.944E-02 1.016E+03 0.000E+00 0.000E+00 1.017E+03 1.016E+03
       2.000E-03 1.155E+00 4.497E-02 4.627E+02 0.000E+00 0.000E+00 4.639E+02 4.628E+02
       3.000E-03 9.108E-01 7.320E-02 1.481E+02 0.000E+00 0.000E+00 1.491E+02 1.482E+02
       4.000E-03 7.267E-01 9.491E-02 6.498E+01 0.000E+00 0.000E+00 6.580E+01 6.507E+01
       5.000E-03 5.930E-01 1.105E-01 3.402E+01 0.000E+00 0.000E+00 3.472E+01 3.413E+01
       6.000E-03 4.943E-01 1.217E-01 1.997E+01 0.000E+00 0.000E+00 2.058E+01 2.009E+01
       8.000E-03 3.622E-01 1.369E-01 8.545E+00 0.000E+00 0.000E+00 9.044E+00 8.682E+00
       8.979E-03 3.177E-01 1.422E-01 6.066E+00 0.000E+00 0.000E+00 6.526E+00 6.208E+00

29 K   8.979E-03 3.177E-01 1.422E-01 3.007E+01 0.000E+00 0.000E+00 3.053E+01 3.021E+01
       1.000E-02 2.800E-01 1.470E-01 2.315E+01 0.000E+00 0.000E+00 2.358E+01 2.330E+01
       1.500E-02 1.693E-01 1.625E-01 7.766E+00 0.000E+00 0.000E+00 8.098E+00 7.929E+00
       2.000E-02 1.143E-01 1.706E-01 3.487E+00 0.000E+00 0.000E+00 3.772E+00 3.658E+00
       3.000E-02 6.156E-02 1.761E-01 1.092E+00 0.000E+00 0.000E+00 1.330E+00 1.268E+00
       4.000E-02 3.817E-02 1.757E-01 4.701E-01 0.000E+00 0.000E+00 6.839E-01 6.458E-01
       5.000E-02 2.601E-02 1.733E-01 2.421E-01 0.000E+00 0.000E+00 4.413E-01 4.153E-01
       6.000E-02 1.891E-02 1.700E-01 1.400E-01 0.000E+00 0.000E+00 3.289E-01 3.100E-01
       8.000E-02 1.132E-02 1.630E-01 5.854E-02 0.000E+00 0.000E+00 2.329E-01 2.215E-01
       1.000E-01 7.522E-03 1.562E-01 2.963E-02 0.000E+00 0.000E+00 1.933E-01 1.858E-01
       1.500E-01 3.505E-03 1.416E-01 8.568E-03 0.000E+00 0.000E+00 1.536E-01 1.501E-01
       2.000E-01 2.015E-03 1.301E-01 3.575E-03 0.000E+00 0.000E+00 1.357E-01 1.337E-01
       3.000E-01 9.146E-04 1.134E-01 1.075E-03 0.000E+00 0.000E+00 1.154E-01 1.145E-01
       4.000E-01 5.194E-04 1.017E-01 4.768E-04 0.000E+00 0.000E+00 1.027E-01 1.022E-01
       5.000E-01 3.341E-04 9.295E-02 2.624E-04 0.000E+00 0.000E+00 9.355E-02 9.321E-02
       6.000E-01 2.327E-04 8.600E-02 1.655E-04 0.000E+00 0.000E+00 8.640E-02 8.616E-02
       8.000E-01 1.313E-04 7.556E-02 8.441E-05 0.000E+00 0.000E+00 7.578E-02 7.565E-02
       1.000E+00 8.413E-05 6.796E-02 5.253E-05 0.000E+00 0.000E+00 6.809E-02 6.801E-02
       1.022E+00 8.056E-05 6.726E-02 4.986E-05 0.000E+00 0.000E+00 6.739E-02 6.731E-02
       1.250E+00 5.390E-05 6.077E-02 3.371E-05 2.020E-05 0.000E+00 6.088E-02 6.083E-02
       1.500E+00 3.745E-05 5.525E-02 2.429E-05 1.079E-04 0.000E+00 5.542E-02 5.538E-02
       2.000E+00 2.108E-05 4.714E-02 1.496E-05 4.210E-04 0.000E+00 4.760E-02 4.757E-02
       2.044E+00 2.018E-05 4.656E-02 1.444E-05 4.534E-04 0.000E+00 4.705E-02 4.703E-02
       3.000E+00 9.370E-06 3.709E-02 8.098E-06 1.189E-03 1.298E-05 3.831E-02 3.830E-02
       4.000E+00 5.271E-06 3.094E-02 5.445E-06 1.917E-03 5.298E-05 3.292E-02 3.291E-02
       5.000E+00 3.375E-06 2.672E-02 4.071E-06 2.564E-03 1.056E-04 2.940E-02 2.939E-02
       6.000E+00 2.344E-06 2.362E-02 3.239E-06 3.143E-03 1.621E-04 2.693E-02 2.692E-02
       7.000E+00 1.721E-06 2.123E-02 2.684E-06 3.659E-03 2.186E-04 2.511E-02 2.511E-02
       8.000E+00 1.318E-06 1.932E-02 2.290E-06 4.123E-03 2.734E-04 2.372E-02 2.372E-02
       9.000E+00 1.041E-06 1.776E-02 1.994E-06 4.545E-03 3.260E-04 2.263E-02 2.263E-02
       1.000E+01 8.435E-07 1.645E-02 1.766E-06 4.929E-03 3.761E-04 2.176E-02 2.176E-02
       1.100E+01 6.972E-07 1.535E-02 1.584E-06 5.276E-03 4.236E-04 2.105E-02 2.105E-02
       1.200E+01 5.858E-07 1.439E-02 1.436E-06 5.595E-03 4.685E-04 2.046E-02 2.046E-02
       1.300E+01 4.992E-07 1.356E-02 1.312E-06 5.892E-03 5.110E-04 1.996E-02 1.996E-02
       1.400E+01 4.304E-07 1.283E-02 1.209E-06 6.169E-03 5.517E-04 1.955E-02 1.955E-02
       1.500E+01 3.749E-07 1.218E-02 1.120E-06 6.425E-03 5.902E-04 1.919E-02 1.919E-02
       1.600E+01 3.295E-07 1.159E-02 1.044E-06 6.669E-03 6.267E-04 1.889E-02 1.889E-02
       1.800E+01 2.604E-07 1.060E-02 9.177E-07 7.112E-03 6.952E-04 1.841E-02 1.841E-02
       2.000E+01 2.109E-07 9.772E-03 8.189E-07 7.509E-03 7.577E-04 1.804E-02 1.804E-02
       2.200E+01 1.743E-07 9.079E-03 7.392E-07 7.873E-03 8.154E-04 1.777E-02 1.777E-02
       2.400E+01 1.464E-07 8.484E-03 6.736E-07 8.200E-03 8.689E-04 1.755E-02 1.755E-02
       2.600E+01 1.248E-07 7.965E-03 6.187E-07 8.502E-03 9.182E-04 1.739E-02 1.739E-02
       2.800E+01 1.076E-07 7.514E-03 5.720E-07 8.778E-03 9.646E-04 1.726E-02 1.726E-02
       3.000E+01 9.373E-08 7.113E-03 5.319E-07 9.035E-03 1.008E-03 1.716E-02 1.716E-02
       4.000E+01 5.272E-08 5.654E-03 3.937E-07 1.009E-02 1.190E-03 1.693E-02 1.693E-02
       5.000E+01 3.375E-08 4.720E-03 3.124E-07 1.088E-02 1.332E-03 1.693E-02 1.693E-02
       6.000E+01 2.344E-08 4.066E-03 2.590E-07 1.151E-02 1.448E-03 1.702E-02 1.702E-02
       8.000E+01 1.318E-08 3.207E-03 1.929E-07 1.245E-02 1.627E-03 1.728E-02 1.728E-02
       1.000E+02 8.435E-09 2.662E-03 1.537E-07 1.314E-02 1.763E-03 1.756E-02 1.756E-02
       1.500E+02 3.749E-09 1.895E-03 1.019E-07 1.427E-02 1.999E-03 1.817E-02 1.817E-02
       2.000E+02 2.109E-09 1.486E-03 7.624E-08 1.498E-02 2.155E-03 1.862E-02 1.862E-02
       3.000E+02 9.372E-10 1.053E-03 5.069E-08 1.583E-02 2.357E-03 1.924E-02 1.924E-02
       4.000E+02 5.272E-10 8.249E-04 3.796E-08 1.633E-02 2.484E-03 1.964E-02 1.964E-02
       5.000E+02 3.374E-10 6.828E-04 3.034E-08 1.666E-02 2.573E-03 1.991E-02 1.991E-02
       6.000E+02 2.343E-10 5.847E-04 2.527E-08 1.690E-02 2.639E-03 2.013E-02 2.013E-02
       8.000E+02 1.318E-10 4.567E-04 1.895E-08 1.723E-02 2.733E-03 2.042E-02 2.042E-02
       1.000E+03 8.435E-11 3.757E-04 1.515E-08 1.744E-02 2.796E-03 2.061E-02 2.061E-02
       1.500E+03 3.749E-11 2.624E-04 1.010E-08 1.775E-02 2.891E-03 2.090E-02 2.090E-02
       2.000E+03 2.109E-11 2.031E-04 7.567E-09 1.792E-02 2.946E-03 2.107E-02 2.107E-02
       3.000E+03 9.372E-12 1.412E-04 5.044E-09 1.811E-02 3.006E-03 2.126E-02 2.126E-02
       4.000E+03 5.272E-12 1.090E-04 3.783E-09 1.821E-02 3.042E-03 2.136E-02 2.136E-02
       5.000E+03 3.374E-12 8.913E-05 3.026E-09 1.828E-02 3.064E-03 2.143E-02 2.143E-02
       6.000E+03 2.343E-12 7.557E-05 2.521E-09 1.832E-02 3.080E-03 2.147E-02 2.147E-02
       8.000E+03 1.318E-12 5.821E-05 1.891E-09 1.838E-02 3.100E-03 2.154E-02 2.154E-02
       1.000E+04 8.435E-13 4.753E-05 1.513E-09 1.841E-02 3.114E-03 2.157E-02 2.157E-02
       1.500E+04 3.749E-13 3.285E-05 1.009E-09 1.846E-02 3.132E-03 2.163E-02 2.163E-02
       2.000E+04 2.109E-13 2.526E-05 7.562E-10 1.849E-02 3.142E-03 2.166E-02 2.166E-02
       3.000E+04 9.372E-14 1.742E-05 5.041E-10 1.852E-02 3.152E-03 2.169E-02 2.169E-02
       4.000E+04 5.272E-14 1.337E-05 3.781E-10 1.854E-02 3.159E-03 2.171E-02 2.171E-02
       5.000E+04 3.374E-14 1.089E-05 3.025E-10 1.854E-02 3.162E-03 2.172E-02 2.172E-02
       6.000E+04 2.343E-14 9.203E-06 2.520E-10 1.855E-02 3.165E-03 2.173E-02 2.173E-02
       8.000E+04 1.318E-14 7.059E-06 1.891E-10 1.856E-02 3.168E-03 2.174E-02 2.174E-02
       1.000E+05 8.435E-15 5.741E-06 1.512E-10 1.857E-02 3.170E-03 2.174E-02 2.174E-02
