*XCOM:
*
*Constituents (Atomic Number : Fraction by Weight)
* Z=1	: 0.083137
* Z=6	: 0.866863
* Z=64	: 0.050000
*       PHOTON      SCATTERING      PHOTO-    PAIR PRODUCTION  TOTAL ATTENUATION
*       ENERGY   COHERENT INCOHER. ELECTRIC    IN       IN       WITH   WITHOUT
*                                 ABSORPTION NUCLEAR ELECTRON  COHERENT COHERENT
*                                             FIELD    FIELD    SCATT.   SCATT.
*         (MeV)    (cm2/g)   (cm2/g)   (cm2/g)   (cm2/g)   (cm2/g)   (cm2/g)   (cm2/g)

       1.000E-03 1.458E+00 1.541E-02 2.030E+03 0.000E+00 0.000E+00 2.032E+03 2.030E+03
       1.089E-03 1.434E+00 1.784E-02 1.606E+03 0.000E+00 0.000E+00 1.607E+03 1.606E+03
       1.185E-03 1.408E+00 2.063E-02 1.270E+03 0.000E+00 0.000E+00 1.271E+03 1.270E+03

64 M5  1.185E-03 1.408E+00 2.063E-02 1.279E+03 0.000E+00 0.000E+00 1.280E+03 1.279E+03
       1.201E-03 1.404E+00 2.110E-02 1.278E+03 0.000E+00 0.000E+00 1.280E+03 1.278E+03
       1.217E-03 1.400E+00 2.158E-02 1.300E+03 0.000E+00 0.000E+00 1.301E+03 1.300E+03

64 M4  1.217E-03 1.400E+00 2.158E-02 1.341E+03 0.000E+00 0.000E+00 1.342E+03 1.341E+03
       1.500E-03 1.325E+00 3.040E-02 8.581E+02 0.000E+00 0.000E+00 8.594E+02 8.581E+02
       1.544E-03 1.312E+00 3.181E-02 7.925E+02 0.000E+00 0.000E+00 7.938E+02 7.925E+02

64 M3  1.544E-03 1.312E+00 3.181E-02 8.290E+02 0.000E+00 0.000E+00 8.304E+02 8.291E+02
       1.615E-03 1.293E+00 3.407E-02 7.347E+02 0.000E+00 0.000E+00 7.360E+02 7.347E+02
       1.688E-03 1.272E+00 3.645E-02 6.509E+02 0.000E+00 0.000E+00 6.522E+02 6.510E+02

64 M2  1.688E-03 1.272E+00 3.645E-02 6.645E+02 0.000E+00 0.000E+00 6.658E+02 6.646E+02
       1.782E-03 1.245E+00 3.946E-02 5.752E+02 0.000E+00 0.000E+00 5.765E+02 5.752E+02
       1.881E-03 1.218E+00 4.263E-02 4.977E+02 0.000E+00 0.000E+00 4.990E+02 4.977E+02

64 M1  1.881E-03 1.218E+00 4.263E-02 5.058E+02 0.000E+00 0.000E+00 5.071E+02 5.059E+02
       2.000E-03 1.184E+00 4.642E-02 4.291E+02 0.000E+00 0.000E+00 4.304E+02 4.292E+02
       3.000E-03 9.372E-01 7.551E-02 1.419E+02 0.000E+00 0.000E+00 1.429E+02 1.420E+02
       4.000E-03 7.543E-01 9.776E-02 6.384E+01 0.000E+00 0.000E+00 6.469E+01 6.394E+01
       5.000E-03 6.237E-01 1.136E-01 3.413E+01 0.000E+00 0.000E+00 3.487E+01 3.425E+01
       6.000E-03 5.288E-01 1.249E-01 2.040E+01 0.000E+00 0.000E+00 2.105E+01 2.052E+01
       7.243E-03 4.424E-01 1.350E-01 1.195E+01 0.000E+00 0.000E+00 1.253E+01 1.208E+01

64 L3  7.243E-03 4.424E-01 1.350E-01 2.403E+01 0.000E+00 0.000E+00 2.460E+01 2.416E+01
       7.579E-03 4.231E-01 1.373E-01 2.126E+01 0.000E+00 0.000E+00 2.182E+01 2.139E+01
       7.930E-03 4.047E-01 1.394E-01 1.881E+01 0.000E+00 0.000E+00 1.935E+01 1.895E+01

64 L2  7.930E-03 4.047E-01 1.394E-01 2.429E+01 0.000E+00 0.000E+00 2.483E+01 2.443E+01
       8.000E-03 4.013E-01 1.398E-01 2.380E+01 0.000E+00 0.000E+00 2.434E+01 2.394E+01
       8.376E-03 3.834E-01 1.420E-01 2.112E+01 0.000E+00 0.000E+00 2.165E+01 2.126E+01

64 L1  8.376E-03 3.834E-01 1.420E-01 2.391E+01 0.000E+00 0.000E+00 2.444E+01 2.406E+01
       1.000E-02 3.190E-01 1.497E-01 1.508E+01 0.000E+00 0.000E+00 1.555E+01 1.523E+01
       1.500E-02 2.003E-01 1.646E-01 5.034E+00 0.000E+00 0.000E+00 5.399E+00 5.198E+00
       2.000E-02 1.386E-01 1.724E-01 2.284E+00 0.000E+00 0.000E+00 2.595E+00 2.456E+00
       3.000E-02 7.762E-02 1.775E-01 7.386E-01 0.000E+00 0.000E+00 9.937E-01 9.161E-01
       4.000E-02 4.927E-02 1.768E-01 3.286E-01 0.000E+00 0.000E+00 5.547E-01 5.055E-01
       5.000E-02 3.422E-02 1.742E-01 1.746E-01 0.000E+00 0.000E+00 3.830E-01 3.488E-01
       5.024E-02 3.397E-02 1.741E-01 1.722E-01 0.000E+00 0.000E+00 3.804E-01 3.464E-01

64 K   5.024E-02 3.397E-02 1.741E-01 9.135E-01 0.000E+00 0.000E+00 1.122E+00 1.088E+00
       6.000E-02 2.529E-02 1.709E-01 5.706E-01 0.000E+00 0.000E+00 7.667E-01 7.414E-01
       8.000E-02 1.544E-02 1.637E-01 2.648E-01 0.000E+00 0.000E+00 4.439E-01 4.285E-01
       1.000E-01 1.037E-02 1.568E-01 1.440E-01 0.000E+00 0.000E+00 3.112E-01 3.008E-01
       1.500E-01 4.940E-03 1.421E-01 4.678E-02 0.000E+00 0.000E+00 1.938E-01 1.888E-01
       2.000E-01 2.897E-03 1.305E-01 2.102E-02 0.000E+00 0.000E+00 1.544E-01 1.516E-01
       3.000E-01 1.345E-03 1.138E-01 6.927E-03 0.000E+00 0.000E+00 1.221E-01 1.207E-01
       4.000E-01 7.725E-04 1.021E-01 3.249E-03 0.000E+00 0.000E+00 1.061E-01 1.053E-01
       5.000E-01 5.005E-04 9.326E-02 1.853E-03 0.000E+00 0.000E+00 9.562E-02 9.512E-02
       6.000E-01 3.505E-04 8.629E-02 1.196E-03 0.000E+00 0.000E+00 8.783E-02 8.748E-02
       8.000E-01 1.991E-04 7.582E-02 6.246E-04 0.000E+00 0.000E+00 7.664E-02 7.644E-02
       1.000E+00 1.281E-04 6.819E-02 3.912E-04 0.000E+00 0.000E+00 6.871E-02 6.858E-02
       1.022E+00 1.227E-04 6.748E-02 3.743E-04 0.000E+00 0.000E+00 6.798E-02 6.786E-02
       1.250E+00 8.233E-05 6.098E-02 2.523E-04 2.555E-05 0.000E+00 6.134E-02 6.126E-02
       1.500E+00 5.730E-05 5.544E-02 1.802E-04 1.301E-04 0.000E+00 5.581E-02 5.575E-02
       2.000E+00 3.230E-05 4.730E-02 1.094E-04 4.737E-04 0.000E+00 4.792E-02 4.788E-02
       2.044E+00 3.093E-05 4.672E-02 1.055E-04 5.081E-04 0.000E+00 4.736E-02 4.733E-02
       3.000E+00 1.439E-05 3.722E-02 5.765E-05 1.268E-03 1.302E-05 3.857E-02 3.855E-02
       4.000E+00 8.099E-06 3.104E-02 3.800E-05 2.002E-03 5.316E-05 3.314E-02 3.314E-02
       5.000E+00 5.184E-06 2.681E-02 2.800E-05 2.647E-03 1.059E-04 2.960E-02 2.959E-02
       6.000E+00 3.602E-06 2.370E-02 2.202E-05 3.220E-03 1.627E-04 2.711E-02 2.710E-02
       7.000E+00 2.645E-06 2.130E-02 1.810E-05 3.730E-03 2.193E-04 2.527E-02 2.527E-02
       8.000E+00 2.026E-06 1.938E-02 1.533E-05 4.189E-03 2.743E-04 2.386E-02 2.386E-02
       9.000E+00 1.601E-06 1.782E-02 1.328E-05 4.606E-03 3.270E-04 2.277E-02 2.276E-02
       1.000E+01 1.297E-06 1.651E-02 1.170E-05 4.986E-03 3.773E-04 2.188E-02 2.188E-02
       1.100E+01 1.072E-06 1.540E-02 1.045E-05 5.333E-03 4.250E-04 2.117E-02 2.117E-02
       1.200E+01 9.005E-07 1.444E-02 9.442E-06 5.652E-03 4.701E-04 2.057E-02 2.057E-02
       1.300E+01 7.674E-07 1.360E-02 8.606E-06 5.951E-03 5.127E-04 2.008E-02 2.007E-02
       1.400E+01 6.616E-07 1.287E-02 7.904E-06 6.227E-03 5.535E-04 1.966E-02 1.966E-02
       1.500E+01 5.763E-07 1.222E-02 7.306E-06 6.485E-03 5.922E-04 1.930E-02 1.930E-02
       1.600E+01 5.067E-07 1.163E-02 6.793E-06 6.729E-03 6.288E-04 1.900E-02 1.900E-02
       1.800E+01 4.002E-07 1.063E-02 5.953E-06 7.170E-03 6.975E-04 1.851E-02 1.851E-02
       2.000E+01 3.242E-07 9.805E-03 5.298E-06 7.565E-03 7.603E-04 1.814E-02 1.814E-02
       2.200E+01 2.679E-07 9.111E-03 4.771E-06 7.929E-03 8.182E-04 1.786E-02 1.786E-02
       2.400E+01 2.251E-07 8.514E-03 4.339E-06 8.255E-03 8.718E-04 1.764E-02 1.764E-02
       2.600E+01 1.919E-07 7.993E-03 3.978E-06 8.556E-03 9.213E-04 1.747E-02 1.747E-02
       2.800E+01 1.654E-07 7.540E-03 3.672E-06 8.831E-03 9.679E-04 1.734E-02 1.734E-02
       3.000E+01 1.441E-07 7.137E-03 3.411E-06 9.088E-03 1.011E-03 1.724E-02 1.724E-02
       4.000E+01 8.105E-08 5.674E-03 2.513E-06 1.014E-02 1.194E-03 1.701E-02 1.701E-02
       5.000E+01 5.188E-08 4.736E-03 1.988E-06 1.092E-02 1.337E-03 1.699E-02 1.699E-02
       6.000E+01 3.604E-08 4.080E-03 1.645E-06 1.155E-02 1.453E-03 1.708E-02 1.708E-02
       8.000E+01 2.027E-08 3.218E-03 1.222E-06 1.248E-02 1.634E-03 1.733E-02 1.733E-02
       1.000E+02 1.297E-08 2.671E-03 9.727E-07 1.316E-02 1.770E-03 1.760E-02 1.760E-02
       1.500E+02 5.765E-09 1.902E-03 6.435E-07 1.429E-02 2.009E-03 1.820E-02 1.820E-02
       2.000E+02 3.242E-09 1.491E-03 4.809E-07 1.499E-02 2.167E-03 1.865E-02 1.865E-02
       3.000E+02 1.441E-09 1.057E-03 3.194E-07 1.584E-02 2.372E-03 1.926E-02 1.926E-02
       4.000E+02 8.104E-10 8.277E-04 2.392E-07 1.633E-02 2.500E-03 1.966E-02 1.966E-02
       5.000E+02 5.188E-10 6.852E-04 1.911E-07 1.667E-02 2.590E-03 1.994E-02 1.994E-02
       6.000E+02 3.601E-10 5.868E-04 1.591E-07 1.691E-02 2.658E-03 2.015E-02 2.015E-02
       8.000E+02 2.026E-10 4.582E-04 1.192E-07 1.723E-02 2.753E-03 2.044E-02 2.044E-02
       1.000E+03 1.297E-10 3.770E-04 9.531E-08 1.745E-02 2.817E-03 2.064E-02 2.064E-02
       1.500E+03 5.765E-11 2.633E-04 6.349E-08 1.776E-02 2.915E-03 2.093E-02 2.093E-02
       2.000E+03 3.242E-11 2.038E-04 4.761E-08 1.793E-02 2.970E-03 2.110E-02 2.110E-02
       3.000E+03 1.441E-11 1.417E-04 3.173E-08 1.812E-02 3.032E-03 2.129E-02 2.129E-02
       4.000E+03 8.104E-12 1.093E-04 2.378E-08 1.821E-02 3.068E-03 2.139E-02 2.139E-02
       5.000E+03 5.188E-12 8.944E-05 1.903E-08 1.828E-02 3.091E-03 2.146E-02 2.146E-02
       6.000E+03 3.601E-12 7.584E-05 1.586E-08 1.832E-02 3.107E-03 2.150E-02 2.150E-02
       8.000E+03 2.026E-12 5.841E-05 1.189E-08 1.838E-02 3.128E-03 2.157E-02 2.157E-02
       1.000E+04 1.297E-12 4.770E-05 9.512E-09 1.842E-02 3.141E-03 2.161E-02 2.161E-02
       1.500E+04 5.765E-13 3.296E-05 6.341E-09 1.847E-02 3.160E-03 2.166E-02 2.166E-02
       2.000E+04 3.242E-13 2.534E-05 4.755E-09 1.850E-02 3.170E-03 2.169E-02 2.169E-02
       3.000E+04 1.441E-13 1.748E-05 3.171E-09 1.853E-02 3.181E-03 2.172E-02 2.172E-02
       4.000E+04 8.104E-14 1.342E-05 2.378E-09 1.854E-02 3.187E-03 2.174E-02 2.174E-02
       5.000E+04 5.188E-14 1.093E-05 1.902E-09 1.855E-02 3.191E-03 2.175E-02 2.175E-02
       6.000E+04 3.601E-14 9.235E-06 1.585E-09 1.856E-02 3.194E-03 2.176E-02 2.176E-02
       8.000E+04 2.026E-14 7.083E-06 1.189E-09 1.857E-02 3.196E-03 2.177E-02 2.177E-02
       1.000E+05 1.297E-14 5.760E-06 9.510E-10 1.857E-02 3.198E-03 2.178E-02 2.178E-02
