* from http://physics.nist.gov/cgi-bin/Xcom/xcom3_1-t
** Be sure to use 'ASCII output for text-based browsers'
** In addition to standard grid of energy, added 0.1-10.0 MeV in 100keV steps and 3 points at .477,.478,.479 MeV for 10B gammas
*XCOM: Lead
*
*Constituents (Atomic Number : Fraction by Weight)
*Z=82 : 1.000000
*       PHOTON      SCATTERING      PHOTO-    PAIR PRODUCTION  TOTAL ATTENUATION
*       ENERGY   COHERENT INCOHER. ELECTRIC    IN       IN       WITH   WITHOUT
*                                 ABSORPTION NUCLEAR ELECTRON  COHERENT COHERENT
*                                             FIELD    FIELD    SCATT.   SCATT.
*         (MeV)    (cm2/g)   (cm2/g)   (cm2/g)   (cm2/g)   (cm2/g)   (cm2/g)   (cm2/g)

       1.000E-03 1.251E+01 3.587E-03 5.197E+03 0.000E+00 0.000E+00 5.209E+03 5.197E+03
       1.500E-03 1.201E+01 6.601E-03 2.344E+03 0.000E+00 0.000E+00 2.356E+03 2.344E+03
       2.000E-03 1.144E+01 9.620E-03 1.274E+03 0.000E+00 0.000E+00 1.285E+03 1.274E+03
       2.484E-03 1.088E+01 1.240E-02 7.900E+02 0.000E+00 0.000E+00 8.009E+02 7.900E+02

82 M5  2.484E-03 1.088E+01 1.240E-02 1.385E+03 0.000E+00 0.000E+00 1.396E+03 1.385E+03
       2.534E-03 1.082E+01 1.268E-02 1.636E+03 0.000E+00 0.000E+00 1.647E+03 1.636E+03
       2.586E-03 1.076E+01 1.297E-02 1.933E+03 0.000E+00 0.000E+00 1.944E+03 1.933E+03

82 M4  2.586E-03 1.076E+01 1.297E-02 2.439E+03 0.000E+00 0.000E+00 2.450E+03 2.439E+03
       3.000E-03 1.027E+01 1.525E-02 1.955E+03 0.000E+00 0.000E+00 1.965E+03 1.955E+03
       3.066E-03 1.019E+01 1.560E-02 1.847E+03 0.000E+00 0.000E+00 1.857E+03 1.847E+03

82 M3  3.066E-03 1.019E+01 1.560E-02 2.136E+03 0.000E+00 0.000E+00 2.146E+03 2.136E+03
       3.301E-03 9.929E+00 1.684E-02 1.782E+03 0.000E+00 0.000E+00 1.792E+03 1.782E+03
       3.554E-03 9.652E+00 1.813E-02 1.486E+03 0.000E+00 0.000E+00 1.496E+03 1.486E+03

82 M2  3.554E-03 9.652E+00 1.813E-02 1.575E+03 0.000E+00 0.000E+00 1.585E+03 1.575E+03
       3.699E-03 9.496E+00 1.887E-02 1.432E+03 0.000E+00 0.000E+00 1.441E+03 1.432E+03
       3.851E-03 9.335E+00 1.963E-02 1.302E+03 0.000E+00 0.000E+00 1.311E+03 1.302E+03

82 M1  3.851E-03 9.335E+00 1.963E-02 1.358E+03 0.000E+00 0.000E+00 1.368E+03 1.358E+03
       4.000E-03 9.179E+00 2.037E-02 1.242E+03 0.000E+00 0.000E+00 1.251E+03 1.242E+03
       5.000E-03 8.208E+00 2.516E-02 7.222E+02 0.000E+00 0.000E+00 7.305E+02 7.223E+02
       6.000E-03 7.362E+00 2.970E-02 4.598E+02 0.000E+00 0.000E+00 4.672E+02 4.598E+02
       8.000E-03 6.002E+00 3.807E-02 2.226E+02 0.000E+00 0.000E+00 2.287E+02 2.227E+02
       1.000E-02 4.982E+00 4.540E-02 1.256E+02 0.000E+00 0.000E+00 1.306E+02 1.257E+02
       1.304E-02 3.851E+00 5.435E-02 6.310E+01 0.000E+00 0.000E+00 6.700E+01 6.315E+01

82 L3  1.304E-02 3.851E+00 5.435E-02 1.582E+02 0.000E+00 0.000E+00 1.621E+02 1.583E+02
       1.500E-02 3.308E+00 5.920E-02 1.082E+02 0.000E+00 0.000E+00 1.116E+02 1.083E+02
       1.520E-02 3.258E+00 5.964E-02 1.045E+02 0.000E+00 0.000E+00 1.078E+02 1.045E+02

82 L2  1.520E-02 3.258E+00 5.964E-02 1.452E+02 0.000E+00 0.000E+00 1.485E+02 1.453E+02
       1.553E-02 3.180E+00 6.037E-02 1.380E+02 0.000E+00 0.000E+00 1.412E+02 1.381E+02
       1.586E-02 3.104E+00 6.112E-02 1.312E+02 0.000E+00 0.000E+00 1.344E+02 1.313E+02

82 L1  1.586E-02 3.104E+00 6.112E-02 1.517E+02 0.000E+00 0.000E+00 1.548E+02 1.517E+02
       2.000E-02 2.338E+00 6.897E-02 8.397E+01 0.000E+00 0.000E+00 8.637E+01 8.404E+01
       3.000E-02 1.377E+00 8.228E-02 2.886E+01 0.000E+00 0.000E+00 3.032E+01 2.894E+01
       4.000E-02 9.202E-01 9.019E-02 1.335E+01 0.000E+00 0.000E+00 1.436E+01 1.344E+01
       5.000E-02 6.545E-01 9.478E-02 7.292E+00 0.000E+00 0.000E+00 8.042E+00 7.387E+00
       6.000E-02 4.900E-01 9.734E-02 4.432E+00 0.000E+00 0.000E+00 5.020E+00 4.530E+00
       8.000E-02 3.078E-01 9.923E-02 2.012E+00 0.000E+00 0.000E+00 2.419E+00 2.112E+00
       8.800E-02 2.632E-01 9.928E-02 1.547E+00 0.000E+00 0.000E+00 1.910E+00 1.647E+00

82 K   8.800E-02 2.632E-01 9.928E-02 7.321E+00 0.000E+00 0.000E+00 7.684E+00 7.421E+00
       1.000E-01 2.128E-01 9.894E-02 5.237E+00 0.000E+00 0.000E+00 5.549E+00 5.336E+00
       1.500E-01 1.049E-01 9.484E-02 1.815E+00 0.000E+00 0.000E+00 2.015E+00 1.910E+00
       2.000E-01 6.260E-02 8.966E-02 8.464E-01 0.000E+00 0.000E+00 9.986E-01 9.360E-01
       3.000E-01 2.988E-02 8.036E-02 2.930E-01 0.000E+00 0.000E+00 4.032E-01 3.733E-01
       4.000E-01 1.746E-02 7.310E-02 1.417E-01 0.000E+00 0.000E+00 2.323E-01 2.148E-01
       4.770E-01 1.251E-02 6.856E-02 9.237E-02 0.000E+00 0.000E+00 1.734E-01 1.609E-01
       4.780E-01 1.246E-02 6.851E-02 9.190E-02 0.000E+00 0.000E+00 1.729E-01 1.604E-01
       4.790E-01 1.241E-02 6.845E-02 9.145E-02 0.000E+00 0.000E+00 1.723E-01 1.599E-01
       5.000E-01 1.143E-02 6.734E-02 8.257E-02 0.000E+00 0.000E+00 1.613E-01 1.499E-01
       6.000E-01 8.060E-03 6.263E-02 5.406E-02 0.000E+00 0.000E+00 1.248E-01 1.167E-01
       7.000E-01 5.986E-03 5.873E-02 3.830E-02 0.000E+00 0.000E+00 1.030E-01 9.703E-02
       8.000E-01 4.621E-03 5.537E-02 2.871E-02 0.000E+00 0.000E+00 8.870E-02 8.408E-02
       9.000E-01 3.675E-03 5.243E-02 2.244E-02 0.000E+00 0.000E+00 7.854E-02 7.487E-02
       1.000E+00 2.991E-03 4.993E-02 1.810E-02 0.000E+00 0.000E+00 7.102E-02 6.803E-02
       1.022E+00 2.865E-03 4.944E-02 1.732E-02 0.000E+00 0.000E+00 6.962E-02 6.676E-02
       1.100E+00 2.480E-03 4.774E-02 1.496E-02 2.393E-05 0.000E+00 6.520E-02 6.272E-02
       1.200E+00 2.092E-03 4.570E-02 1.263E-02 2.083E-04 0.000E+00 6.063E-02 5.854E-02
       1.250E+00 1.930E-03 4.476E-02 1.168E-02 3.781E-04 0.000E+00 5.875E-02 5.682E-02
       1.300E+00 1.787E-03 4.388E-02 1.085E-02 5.956E-04 0.000E+00 5.710E-02 5.532E-02
       1.400E+00 1.544E-03 4.224E-02 9.444E-03 1.147E-03 0.000E+00 5.438E-02 5.283E-02
       1.500E+00 1.347E-03 4.075E-02 8.321E-03 1.806E-03 0.000E+00 5.222E-02 5.088E-02
       1.600E+00 1.186E-03 3.936E-02 7.408E-03 2.520E-03 0.000E+00 5.047E-02 4.929E-02
       1.700E+00 1.052E-03 3.807E-02 6.654E-03 3.254E-03 0.000E+00 4.903E-02 4.798E-02
       1.800E+00 9.397E-04 3.689E-02 6.024E-03 3.991E-03 0.000E+00 4.784E-02 4.690E-02
       1.900E+00 8.443E-04 3.581E-02 5.490E-03 4.722E-03 0.000E+00 4.686E-02 4.602E-02
       2.000E+00 7.626E-04 3.482E-02 5.034E-03 5.450E-03 0.000E+00 4.607E-02 4.530E-02
       2.044E+00 7.304E-04 3.441E-02 4.854E-03 5.769E-03 0.000E+00 4.577E-02 4.504E-02
       2.100E+00 6.922E-04 3.391E-02 4.640E-03 6.172E-03 4.779E-09 4.541E-02 4.472E-02
       2.200E+00 6.311E-04 3.304E-02 4.297E-03 6.879E-03 9.189E-08 4.484E-02 4.421E-02
       2.300E+00 5.778E-04 3.221E-02 3.997E-03 7.568E-03 3.629E-07 4.435E-02 4.377E-02
       2.400E+00 5.310E-04 3.142E-02 3.731E-03 8.238E-03 8.761E-07 4.392E-02 4.339E-02
       2.500E+00 4.896E-04 3.067E-02 3.495E-03 8.892E-03 1.660E-06 4.354E-02 4.305E-02
       2.600E+00 4.529E-04 2.995E-02 3.285E-03 9.528E-03 2.723E-06 4.322E-02 4.277E-02
       2.700E+00 4.201E-04 2.927E-02 3.096E-03 1.015E-02 4.061E-06 4.294E-02 4.252E-02
       2.800E+00 3.908E-04 2.863E-02 2.926E-03 1.075E-02 5.663E-06 4.270E-02 4.231E-02
       2.900E+00 3.644E-04 2.802E-02 2.772E-03 1.134E-02 7.511E-06 4.250E-02 4.214E-02
       3.000E+00 3.406E-04 2.744E-02 2.631E-03 1.192E-02 9.585E-06 4.234E-02 4.200E-02
       3.100E+00 3.191E-04 2.689E-02 2.504E-03 1.249E-02 1.187E-05 4.221E-02 4.189E-02
       3.200E+00 2.995E-04 2.636E-02 2.387E-03 1.304E-02 1.433E-05 4.211E-02 4.181E-02
       3.300E+00 2.817E-04 2.586E-02 2.280E-03 1.359E-02 1.697E-05 4.203E-02 4.175E-02
       3.400E+00 2.654E-04 2.538E-02 2.181E-03 1.412E-02 1.976E-05 4.197E-02 4.171E-02
       3.500E+00 2.505E-04 2.493E-02 2.090E-03 1.465E-02 2.269E-05 4.193E-02 4.168E-02
       3.600E+00 2.368E-04 2.449E-02 2.005E-03 1.516E-02 2.575E-05 4.191E-02 4.168E-02
       3.700E+00 2.242E-04 2.407E-02 1.927E-03 1.566E-02 2.892E-05 4.191E-02 4.169E-02
       3.800E+00 2.126E-04 2.366E-02 1.854E-03 1.616E-02 3.220E-05 4.192E-02 4.171E-02
       3.900E+00 2.019E-04 2.327E-02 1.786E-03 1.664E-02 3.558E-05 4.194E-02 4.174E-02
       4.000E+00 1.919E-04 2.290E-02 1.723E-03 1.712E-02 3.906E-05 4.198E-02 4.178E-02
       4.100E+00 1.827E-04 2.254E-02 1.663E-03 1.759E-02 4.263E-05 4.202E-02 4.183E-02
       4.200E+00 1.741E-04 2.219E-02 1.608E-03 1.805E-02 4.629E-05 4.207E-02 4.189E-02
       4.300E+00 1.661E-04 2.185E-02 1.555E-03 1.850E-02 5.002E-05 4.213E-02 4.196E-02
       4.400E+00 1.587E-04 2.153E-02 1.506E-03 1.895E-02 5.382E-05 4.219E-02 4.204E-02
       4.500E+00 1.517E-04 2.121E-02 1.459E-03 1.939E-02 5.768E-05 4.227E-02 4.212E-02
       4.600E+00 1.452E-04 2.091E-02 1.416E-03 1.982E-02 6.160E-05 4.235E-02 4.220E-02
       4.700E+00 1.391E-04 2.061E-02 1.374E-03 2.024E-02 6.557E-05 4.243E-02 4.229E-02
       4.800E+00 1.334E-04 2.033E-02 1.335E-03 2.066E-02 6.957E-05 4.252E-02 4.239E-02
       4.900E+00 1.280E-04 2.005E-02 1.298E-03 2.107E-02 7.362E-05 4.262E-02 4.249E-02
       5.000E+00 1.229E-04 1.978E-02 1.263E-03 2.148E-02 7.769E-05 4.272E-02 4.260E-02
       5.100E+00 1.182E-04 1.952E-02 1.229E-03 2.187E-02 8.178E-05 4.282E-02 4.271E-02
       5.200E+00 1.137E-04 1.927E-02 1.197E-03 2.227E-02 8.590E-05 4.293E-02 4.282E-02
       5.300E+00 1.094E-04 1.902E-02 1.167E-03 2.266E-02 9.003E-05 4.305E-02 4.294E-02
       5.400E+00 1.054E-04 1.879E-02 1.138E-03 2.304E-02 9.417E-05 4.316E-02 4.306E-02
       5.500E+00 1.016E-04 1.855E-02 1.110E-03 2.342E-02 9.832E-05 4.328E-02 4.318E-02
       5.600E+00 9.804E-05 1.833E-02 1.084E-03 2.379E-02 1.025E-04 4.340E-02 4.330E-02
       5.700E+00 9.464E-05 1.811E-02 1.059E-03 2.416E-02 1.066E-04 4.353E-02 4.343E-02
       5.800E+00 9.141E-05 1.790E-02 1.035E-03 2.452E-02 1.108E-04 4.365E-02 4.356E-02
       5.900E+00 8.834E-05 1.769E-02 1.011E-03 2.488E-02 1.149E-04 4.378E-02 4.369E-02
       6.000E+00 8.542E-05 1.749E-02 9.894E-04 2.523E-02 1.191E-04 4.391E-02 4.382E-02
       6.100E+00 8.265E-05 1.729E-02 9.681E-04 2.558E-02 1.233E-04 4.404E-02 4.396E-02
       6.200E+00 8.000E-05 1.710E-02 9.478E-04 2.592E-02 1.274E-04 4.417E-02 4.409E-02
       6.300E+00 7.749E-05 1.691E-02 9.282E-04 2.626E-02 1.315E-04 4.431E-02 4.423E-02
       6.400E+00 7.509E-05 1.673E-02 9.094E-04 2.659E-02 1.357E-04 4.444E-02 4.437E-02
       6.500E+00 7.280E-05 1.655E-02 8.913E-04 2.693E-02 1.398E-04 4.458E-02 4.451E-02
       6.600E+00 7.061E-05 1.638E-02 8.739E-04 2.725E-02 1.439E-04 4.472E-02 4.465E-02
       6.700E+00 6.852E-05 1.621E-02 8.571E-04 2.758E-02 1.480E-04 4.486E-02 4.479E-02
       6.800E+00 6.652E-05 1.604E-02 8.410E-04 2.790E-02 1.521E-04 4.500E-02 4.493E-02
       6.900E+00 6.461E-05 1.588E-02 8.254E-04 2.822E-02 1.562E-04 4.514E-02 4.508E-02
       7.000E+00 6.278E-05 1.572E-02 8.103E-04 2.853E-02 1.602E-04 4.528E-02 4.522E-02
       7.100E+00 6.102E-05 1.557E-02 7.958E-04 2.884E-02 1.643E-04 4.543E-02 4.537E-02
       7.200E+00 5.934E-05 1.541E-02 7.817E-04 2.915E-02 1.683E-04 4.557E-02 4.551E-02
       7.300E+00 5.773E-05 1.527E-02 7.682E-04 2.945E-02 1.723E-04 4.572E-02 4.566E-02
       7.400E+00 5.618E-05 1.512E-02 7.550E-04 2.976E-02 1.763E-04 4.586E-02 4.581E-02
       7.500E+00 5.469E-05 1.498E-02 7.423E-04 3.005E-02 1.803E-04 4.601E-02 4.595E-02
       7.600E+00 5.326E-05 1.484E-02 7.300E-04 3.035E-02 1.843E-04 4.616E-02 4.610E-02
       7.700E+00 5.189E-05 1.470E-02 7.181E-04 3.064E-02 1.883E-04 4.630E-02 4.625E-02
       7.800E+00 5.057E-05 1.457E-02 7.065E-04 3.093E-02 1.922E-04 4.645E-02 4.640E-02
       7.900E+00 4.930E-05 1.444E-02 6.953E-04 3.122E-02 1.961E-04 4.660E-02 4.655E-02
       8.000E+00 4.807E-05 1.431E-02 6.845E-04 3.151E-02 2.000E-04 4.675E-02 4.670E-02
       8.100E+00 4.689E-05 1.418E-02 6.739E-04 3.179E-02 2.039E-04 4.689E-02 4.685E-02
       8.200E+00 4.576E-05 1.406E-02 6.637E-04 3.207E-02 2.078E-04 4.704E-02 4.700E-02
       8.300E+00 4.466E-05 1.394E-02 6.537E-04 3.234E-02 2.116E-04 4.719E-02 4.715E-02
       8.400E+00 4.360E-05 1.382E-02 6.441E-04 3.261E-02 2.154E-04 4.734E-02 4.730E-02
       8.500E+00 4.258E-05 1.370E-02 6.347E-04 3.289E-02 2.192E-04 4.749E-02 4.744E-02
       8.600E+00 4.160E-05 1.359E-02 6.256E-04 3.315E-02 2.230E-04 4.764E-02 4.759E-02
       8.700E+00 4.065E-05 1.348E-02 6.167E-04 3.342E-02 2.268E-04 4.778E-02 4.774E-02
       8.800E+00 3.973E-05 1.337E-02 6.080E-04 3.369E-02 2.305E-04 4.793E-02 4.789E-02
       8.900E+00 3.884E-05 1.326E-02 5.996E-04 3.395E-02 2.343E-04 4.808E-02 4.804E-02
       9.000E+00 3.799E-05 1.315E-02 5.915E-04 3.421E-02 2.380E-04 4.823E-02 4.819E-02
       9.100E+00 3.716E-05 1.305E-02 5.835E-04 3.447E-02 2.417E-04 4.838E-02 4.834E-02
       9.200E+00 3.636E-05 1.295E-02 5.757E-04 3.472E-02 2.453E-04 4.853E-02 4.849E-02
       9.300E+00 3.558E-05 1.285E-02 5.682E-04 3.498E-02 2.490E-04 4.868E-02 4.864E-02
       9.400E+00 3.483E-05 1.275E-02 5.608E-04 3.523E-02 2.526E-04 4.883E-02 4.879E-02
       9.500E+00 3.410E-05 1.265E-02 5.536E-04 3.548E-02 2.562E-04 4.898E-02 4.894E-02
       9.600E+00 3.340E-05 1.255E-02 5.466E-04 3.573E-02 2.598E-04 4.913E-02 4.909E-02
       9.700E+00 3.271E-05 1.246E-02 5.398E-04 3.598E-02 2.634E-04 4.928E-02 4.924E-02
       9.800E+00 3.205E-05 1.237E-02 5.331E-04 3.623E-02 2.669E-04 4.942E-02 4.939E-02
       9.900E+00 3.140E-05 1.228E-02 5.266E-04 3.647E-02 2.705E-04 4.957E-02 4.954E-02
       1.000E+01 3.078E-05 1.219E-02 5.203E-04 3.671E-02 2.740E-04 4.972E-02 4.969E-02
       1.100E+01 2.543E-05 1.137E-02 4.642E-04 3.900E-02 3.081E-04 5.117E-02 5.114E-02
       1.200E+01 2.137E-05 1.066E-02 4.185E-04 4.116E-02 3.401E-04 5.260E-02 5.257E-02
       1.300E+01 1.821E-05 1.004E-02 3.810E-04 4.316E-02 3.700E-04 5.397E-02 5.396E-02
       1.400E+01 1.570E-05 9.504E-03 3.496E-04 4.505E-02 3.988E-04 5.532E-02 5.530E-02
       1.500E+01 1.368E-05 9.022E-03 3.229E-04 4.679E-02 4.255E-04 5.658E-02 5.656E-02
       1.600E+01 1.202E-05 8.591E-03 2.999E-04 4.842E-02 4.511E-04 5.778E-02 5.776E-02
       1.800E+01 9.501E-06 7.853E-03 2.625E-04 5.139E-02 4.985E-04 6.001E-02 6.000E-02
       2.000E+01 7.696E-06 7.243E-03 2.334E-04 5.403E-02 5.415E-04 6.206E-02 6.205E-02
       2.200E+01 6.359E-06 6.725E-03 2.099E-04 5.641E-02 5.804E-04 6.394E-02 6.393E-02
       2.400E+01 5.345E-06 6.287E-03 1.908E-04 5.859E-02 6.165E-04 6.569E-02 6.569E-02
       2.600E+01 4.554E-06 5.903E-03 1.748E-04 6.057E-02 6.493E-04 6.730E-02 6.730E-02
       2.800E+01 3.927E-06 5.569E-03 1.613E-04 6.240E-02 6.798E-04 6.881E-02 6.881E-02
       3.000E+01 3.421E-06 5.272E-03 1.497E-04 6.409E-02 7.083E-04 7.022E-02 7.022E-02
       4.000E+01 1.924E-06 4.188E-03 1.101E-04 7.098E-02 8.246E-04 7.610E-02 7.610E-02
       5.000E+01 1.231E-06 3.496E-03 8.699E-05 7.606E-02 9.120E-04 8.056E-02 8.056E-02
       6.000E+01 8.551E-07 3.014E-03 7.191E-05 8.001E-02 9.806E-04 8.408E-02 8.408E-02
       8.000E+01 4.810E-07 2.376E-03 5.339E-05 8.583E-02 1.083E-03 8.934E-02 8.934E-02
       1.000E+02 3.078E-07 1.972E-03 4.243E-05 8.993E-02 1.157E-03 9.310E-02 9.310E-02
       1.500E+02 1.368E-07 1.405E-03 2.806E-05 9.638E-02 1.278E-03 9.909E-02 9.909E-02
       2.000E+02 7.696E-08 1.101E-03 2.096E-05 1.002E-01 1.352E-03 1.027E-01 1.027E-01
       3.000E+02 3.421E-08 7.807E-04 1.392E-05 1.047E-01 1.442E-03 1.069E-01 1.069E-01
       4.000E+02 1.924E-08 6.112E-04 1.041E-05 1.072E-01 1.496E-03 1.093E-01 1.093E-01
       5.000E+02 1.231E-08 5.060E-04 8.321E-06 1.089E-01 1.532E-03 1.109E-01 1.109E-01
       6.000E+02 8.551E-09 4.333E-04 6.929E-06 1.101E-01 1.559E-03 1.121E-01 1.121E-01
       8.000E+02 4.810E-09 3.383E-04 5.191E-06 1.117E-01 1.595E-03 1.136E-01 1.136E-01
       1.000E+03 3.078E-09 2.784E-04 4.150E-06 1.127E-01 1.619E-03 1.146E-01 1.146E-01
       1.500E+03 1.368E-09 1.944E-04 2.765E-06 1.142E-01 1.655E-03 1.160E-01 1.160E-01
       2.000E+03 7.696E-10 1.505E-04 2.073E-06 1.150E-01 1.675E-03 1.168E-01 1.168E-01
       3.000E+03 3.421E-10 1.046E-04 1.381E-06 1.159E-01 1.696E-03 1.177E-01 1.177E-01
       4.000E+03 1.924E-10 8.077E-05 1.036E-06 1.163E-01 1.709E-03 1.181E-01 1.181E-01
       5.000E+03 1.231E-10 6.603E-05 8.283E-07 1.166E-01 1.717E-03 1.184E-01 1.184E-01
       6.000E+03 8.551E-11 5.601E-05 6.903E-07 1.168E-01 1.722E-03 1.186E-01 1.186E-01
       8.000E+03 4.810E-11 4.313E-05 5.176E-07 1.171E-01 1.730E-03 1.188E-01 1.188E-01
       1.000E+04 3.078E-11 3.523E-05 4.142E-07 1.172E-01 1.734E-03 1.190E-01 1.190E-01
       1.500E+04 1.368E-11 2.434E-05 2.760E-07 1.175E-01 1.740E-03 1.192E-01 1.192E-01
       2.000E+04 7.696E-12 1.872E-05 2.070E-07 1.176E-01 1.744E-03 1.194E-01 1.194E-01
       3.000E+04 3.421E-12 1.291E-05 1.380E-07 1.177E-01 1.748E-03 1.195E-01 1.195E-01
       4.000E+04 1.924E-12 9.908E-06 1.035E-07 1.178E-01 1.750E-03 1.196E-01 1.196E-01
       5.000E+04 1.231E-12 8.068E-06 8.280E-08 1.179E-01 1.751E-03 1.196E-01 1.196E-01
       6.000E+04 8.551E-13 6.821E-06 6.900E-08 1.179E-01 1.752E-03 1.196E-01 1.196E-01
       8.000E+04 4.810E-13 5.232E-06 5.173E-08 1.179E-01 1.753E-03 1.197E-01 1.197E-01
       1.000E+05 3.078E-13 4.255E-06 4.139E-08 1.179E-01 1.753E-03 1.197E-01 1.197E-01
*Return to selection page.
