*XCOM: toluene
*
*Constituents (Atomic Number : Fraction by Weight)
*Z=1	: 0.087513
*Z=6	: 0.912487
*     PHOTON      SCATTERING      PHOTO-    PAIR PRODUCTION  TOTAL ATTENUATION
*      ENERGY   COHERENT INCOHER. ELECTRIC    IN       IN       WITH   WITHOUT
*                                ABSORPTION NUCLEAR ELECTRON  COHERENT COHERENT
*                                            FIELD    FIELD    SCATT.   SCATT.
*        (MeV)    (cm2/g)   (cm2/g)   (cm2/g)   (cm2/g)   (cm2/g)   (cm2/g)   (cm2/g)
*
       1.000E-03 1.015E+00 1.593E-02 2.017E+03 0.000E+00 0.000E+00 2.018E+03 2.017E+03
       1.500E-03 9.008E-01 3.151E-02 6.384E+02 0.000E+00 0.000E+00 6.393E+02 6.384E+02
       2.000E-03 7.807E-01 4.819E-02 2.753E+02 0.000E+00 0.000E+00 2.762E+02 2.754E+02
       3.000E-03 5.735E-01 7.845E-02 8.182E+01 0.000E+00 0.000E+00 8.247E+01 8.190E+01
       4.000E-03 4.298E-01 1.015E-01 3.398E+01 0.000E+00 0.000E+00 3.452E+01 3.409E+01
       5.000E-03 3.350E-01 1.179E-01 1.703E+01 0.000E+00 0.000E+00 1.748E+01 1.714E+01
       6.000E-03 2.714E-01 1.295E-01 9.623E+00 0.000E+00 0.000E+00 1.002E+01 9.752E+00
       8.000E-03 1.945E-01 1.448E-01 3.871E+00 0.000E+00 0.000E+00 4.210E+00 4.015E+00
       1.000E-02 1.500E-01 1.547E-01 1.894E+00 0.000E+00 0.000E+00 2.199E+00 2.049E+00
       1.500E-02 9.032E-02 1.697E-01 5.097E-01 0.000E+00 0.000E+00 7.697E-01 6.794E-01
       2.000E-02 5.970E-02 1.773E-01 1.986E-01 0.000E+00 0.000E+00 4.356E-01 3.759E-01
       3.000E-02 3.097E-02 1.820E-01 5.207E-02 0.000E+00 0.000E+00 2.650E-01 2.340E-01
       4.000E-02 1.881E-02 1.809E-01 2.001E-02 0.000E+00 0.000E+00 2.197E-01 2.009E-01
       5.000E-02 1.260E-02 1.780E-01 9.513E-03 0.000E+00 0.000E+00 2.001E-01 1.875E-01
       6.000E-02 9.016E-03 1.743E-01 5.175E-03 0.000E+00 0.000E+00 1.885E-01 1.795E-01
       8.000E-02 5.249E-03 1.667E-01 1.980E-03 0.000E+00 0.000E+00 1.740E-01 1.687E-01
       1.000E-01 3.418E-03 1.595E-01 9.412E-04 0.000E+00 0.000E+00 1.639E-01 1.605E-01
       1.500E-01 1.548E-03 1.443E-01 2.469E-04 0.000E+00 0.000E+00 1.461E-01 1.445E-01
       2.000E-01 8.767E-04 1.325E-01 9.705E-05 0.000E+00 0.000E+00 1.334E-01 1.326E-01
       3.000E-01 3.918E-04 1.154E-01 2.720E-05 0.000E+00 0.000E+00 1.158E-01 1.154E-01
       4.000E-01 2.207E-04 1.034E-01 1.160E-05 0.000E+00 0.000E+00 1.037E-01 1.035E-01
       5.000E-01 1.414E-04 9.450E-02 6.241E-06 0.000E+00 0.000E+00 9.465E-02 9.451E-02
       6.000E-01 9.826E-05 8.742E-02 3.881E-06 0.000E+00 0.000E+00 8.752E-02 8.743E-02
       8.000E-01 5.528E-05 7.680E-02 1.957E-06 0.000E+00 0.000E+00 7.686E-02 7.680E-02
       1.000E+00 3.539E-05 6.907E-02 1.217E-06 0.000E+00 0.000E+00 6.910E-02 6.907E-02
       1.022E+00 3.388E-05 6.836E-02 1.122E-06 0.000E+00 0.000E+00 6.839E-02 6.836E-02
       1.250E+00 2.265E-05 6.176E-02 7.618E-07 1.354E-05 0.000E+00 6.180E-02 6.178E-02
       1.500E+00 1.573E-05 5.615E-02 5.532E-07 7.522E-05 0.000E+00 5.624E-02 5.623E-02
       2.000E+00 8.849E-06 4.790E-02 3.492E-07 3.000E-04 0.000E+00 4.821E-02 4.820E-02
       2.044E+00 8.471E-06 4.731E-02 3.379E-07 3.234E-04 0.000E+00 4.765E-02 4.764E-02
       3.000E+00 3.934E-06 3.769E-02 1.959E-07 8.591E-04 1.319E-05 3.856E-02 3.856E-02
       4.000E+00 2.213E-06 3.144E-02 1.348E-07 1.395E-03 5.384E-05 3.289E-02 3.289E-02
       5.000E+00 1.416E-06 2.715E-02 1.024E-07 1.872E-03 1.073E-04 2.913E-02 2.913E-02
       6.000E+00 9.835E-07 2.400E-02 8.245E-08 2.302E-03 1.648E-04 2.646E-02 2.646E-02
       7.000E+00 7.223E-07 2.157E-02 6.895E-08 2.684E-03 2.222E-04 2.448E-02 2.447E-02
       8.000E+00 5.532E-07 1.963E-02 5.921E-08 3.030E-03 2.779E-04 2.294E-02 2.294E-02
       9.000E+00 4.371E-07 1.804E-02 5.189E-08 3.343E-03 3.313E-04 2.172E-02 2.172E-02
       1.000E+01 3.540E-07 1.672E-02 4.617E-08 3.628E-03 3.823E-04 2.073E-02 2.073E-02
       1.100E+01 2.926E-07 1.559E-02 4.155E-08 3.887E-03 4.306E-04 1.991E-02 1.991E-02
       1.200E+01 2.459E-07 1.462E-02 3.778E-08 4.125E-03 4.763E-04 1.923E-02 1.923E-02
       1.300E+01 2.095E-07 1.377E-02 3.464E-08 4.347E-03 5.195E-04 1.864E-02 1.864E-02
       1.400E+01 1.806E-07 1.303E-02 3.198E-08 4.553E-03 5.610E-04 1.815E-02 1.815E-02
       1.500E+01 1.574E-07 1.237E-02 2.970E-08 4.745E-03 6.002E-04 1.772E-02 1.772E-02
       1.600E+01 1.383E-07 1.178E-02 2.772E-08 4.929E-03 6.373E-04 1.735E-02 1.735E-02
       1.800E+01 1.093E-07 1.077E-02 2.446E-08 5.259E-03 7.070E-04 1.673E-02 1.673E-02
       2.000E+01 8.849E-08 9.929E-03 2.188E-08 5.557E-03 7.707E-04 1.626E-02 1.626E-02
       2.200E+01 7.315E-08 9.226E-03 1.979E-08 5.831E-03 8.295E-04 1.589E-02 1.589E-02
       2.400E+01 6.145E-08 8.622E-03 1.807E-08 6.077E-03 8.840E-04 1.558E-02 1.558E-02
       2.600E+01 5.238E-08 8.094E-03 1.662E-08 6.304E-03 9.343E-04 1.533E-02 1.533E-02
       2.800E+01 4.516E-08 7.636E-03 1.539E-08 6.512E-03 9.817E-04 1.513E-02 1.513E-02
       3.000E+01 3.934E-08 7.228E-03 1.433E-08 6.706E-03 1.026E-03 1.496E-02 1.496E-02
       4.000E+01 2.213E-08 5.746E-03 1.065E-08 7.501E-03 1.212E-03 1.446E-02 1.446E-02
       5.000E+01 1.416E-08 4.796E-03 8.469E-09 8.098E-03 1.357E-03 1.425E-02 1.425E-02
       6.000E+01 9.835E-09 4.132E-03 7.033E-09 8.577E-03 1.476E-03 1.418E-02 1.418E-02
       8.000E+01 5.532E-09 3.259E-03 5.253E-09 9.299E-03 1.660E-03 1.422E-02 1.422E-02
       1.000E+02 3.540E-09 2.705E-03 4.189E-09 9.831E-03 1.799E-03 1.434E-02 1.434E-02
       1.500E+02 1.573E-09 1.926E-03 2.782E-09 1.073E-02 2.044E-03 1.470E-02 1.470E-02
       2.000E+02 8.849E-10 1.510E-03 2.083E-09 1.128E-02 2.206E-03 1.500E-02 1.500E-02
       3.000E+02 3.933E-10 1.070E-03 1.386E-09 1.197E-02 2.416E-03 1.546E-02 1.546E-02
       4.000E+02 2.212E-10 8.382E-04 1.039E-09 1.238E-02 2.548E-03 1.576E-02 1.576E-02
       5.000E+02 1.416E-10 6.939E-04 8.305E-10 1.265E-02 2.641E-03 1.598E-02 1.598E-02
       6.000E+02 9.830E-11 5.942E-04 6.918E-10 1.285E-02 2.710E-03 1.615E-02 1.615E-02
       8.000E+02 5.532E-11 4.640E-04 5.184E-10 1.312E-02 2.808E-03 1.639E-02 1.639E-02
       1.000E+03 3.540E-11 3.817E-04 4.148E-10 1.329E-02 2.874E-03 1.655E-02 1.655E-02
       1.500E+03 1.573E-11 2.666E-04 2.764E-10 1.355E-02 2.975E-03 1.679E-02 1.679E-02
       2.000E+03 8.849E-12 2.064E-04 2.073E-10 1.370E-02 3.032E-03 1.693E-02 1.693E-02
       3.000E+03 3.933E-12 1.435E-04 1.381E-10 1.385E-02 3.096E-03 1.709E-02 1.709E-02
       4.000E+03 2.212E-12 1.107E-04 1.036E-10 1.394E-02 3.133E-03 1.718E-02 1.718E-02
       5.000E+03 1.416E-12 9.057E-05 8.286E-11 1.399E-02 3.156E-03 1.724E-02 1.724E-02
       6.000E+03 9.830E-13 7.680E-05 6.904E-11 1.403E-02 3.173E-03 1.728E-02 1.728E-02
       8.000E+03 5.532E-13 5.915E-05 5.179E-11 1.408E-02 3.194E-03 1.733E-02 1.733E-02
       1.000E+04 3.540E-13 4.830E-05 4.144E-11 1.411E-02 3.208E-03 1.736E-02 1.736E-02
       1.500E+04 1.573E-13 3.338E-05 2.762E-11 1.415E-02 3.227E-03 1.741E-02 1.741E-02
       2.000E+04 8.849E-14 2.566E-05 2.072E-11 1.417E-02 3.238E-03 1.744E-02 1.744E-02
       3.000E+04 3.933E-14 1.770E-05 1.381E-11 1.420E-02 3.249E-03 1.746E-02 1.746E-02
       4.000E+04 2.212E-14 1.359E-05 1.036E-11 1.421E-02 3.256E-03 1.748E-02 1.748E-02
       5.000E+04 1.416E-14 1.107E-05 8.286E-12 1.422E-02 3.259E-03 1.749E-02 1.749E-02
       6.000E+04 9.830E-15 9.352E-06 6.904E-12 1.423E-02 3.263E-03 1.750E-02 1.750E-02
       8.000E+04 5.532E-15 7.173E-06 5.179E-12 1.423E-02 3.265E-03 1.750E-02 1.750E-02
       1.000E+05 3.540E-15 5.833E-06 4.143E-12 1.424E-02 3.267E-03 1.751E-02 1.751E-02
