*XCOM:
*
*Constituents (Atomic Number : Fraction by Weight)
* Z=1	: 0.083137
* Z=6	: 0.866863
* Z=74	: 0.050000
*       PHOTON      SCATTERING      PHOTO-    PAIR PRODUCTION  TOTAL ATTENUATION
*       ENERGY   COHERENT INCOHER. ELECTRIC    IN       IN       WITH   WITHOUT
*                                 ABSORPTION NUCLEAR ELECTRON  COHERENT COHERENT
*                                             FIELD    FIELD    SCATT.   SCATT.
*         (MeV)    (cm2/g)   (cm2/g)   (cm2/g)   (cm2/g)   (cm2/g)   (cm2/g)   (cm2/g)

       1.000E-03 1.536E+00 1.535E-02 2.100E+03 0.000E+00 0.000E+00 2.101E+03 2.100E+03
       1.500E-03 1.404E+00 3.031E-02 6.881E+02 0.000E+00 0.000E+00 6.895E+02 6.881E+02
       1.809E-03 1.317E+00 4.023E-02 4.063E+02 0.000E+00 0.000E+00 4.077E+02 4.064E+02

74 M5  1.809E-03 1.317E+00 4.023E-02 4.167E+02 0.000E+00 0.000E+00 4.181E+02 4.167E+02
       1.840E-03 1.308E+00 4.122E-02 4.310E+02 0.000E+00 0.000E+00 4.323E+02 4.310E+02
       1.872E-03 1.299E+00 4.223E-02 4.608E+02 0.000E+00 0.000E+00 4.622E+02 4.609E+02

74 M4  1.872E-03 1.299E+00 4.223E-02 4.738E+02 0.000E+00 0.000E+00 4.751E+02 4.738E+02
       2.000E-03 1.263E+00 4.631E-02 4.571E+02 0.000E+00 0.000E+00 4.584E+02 4.572E+02
       2.281E-03 1.186E+00 5.504E-02 3.179E+02 0.000E+00 0.000E+00 3.192E+02 3.180E+02

74 M3  2.281E-03 1.186E+00 5.504E-02 3.405E+02 0.000E+00 0.000E+00 3.418E+02 3.406E+02
       2.423E-03 1.149E+00 5.932E-02 2.888E+02 0.000E+00 0.000E+00 2.900E+02 2.889E+02
       2.575E-03 1.112E+00 6.374E-02 2.450E+02 0.000E+00 0.000E+00 2.462E+02 2.451E+02

74 M2  2.575E-03 1.112E+00 6.374E-02 2.527E+02 0.000E+00 0.000E+00 2.538E+02 2.527E+02
       2.694E-03 1.083E+00 6.713E-02 2.239E+02 0.000E+00 0.000E+00 2.251E+02 2.240E+02
       2.820E-03 1.053E+00 7.058E-02 1.985E+02 0.000E+00 0.000E+00 1.996E+02 1.985E+02

74 M1  2.820E-03 1.053E+00 7.058E-02 2.030E+02 0.000E+00 0.000E+00 2.041E+02 2.031E+02
       3.000E-03 1.013E+00 7.535E-02 1.724E+02 0.000E+00 0.000E+00 1.734E+02 1.724E+02
       4.000E-03 8.267E-01 9.755E-02 7.968E+01 0.000E+00 0.000E+00 8.061E+01 7.978E+01
       5.000E-03 6.924E-01 1.134E-01 4.346E+01 0.000E+00 0.000E+00 4.427E+01 4.357E+01
       6.000E-03 5.926E-01 1.246E-01 2.637E+01 0.000E+00 0.000E+00 2.709E+01 2.650E+01
       8.000E-03 4.557E-01 1.396E-01 1.193E+01 0.000E+00 0.000E+00 1.253E+01 1.207E+01
       1.000E-02 3.649E-01 1.494E-01 6.420E+00 0.000E+00 0.000E+00 6.934E+00 6.569E+00
       1.021E-02 3.573E-01 1.502E-01 6.064E+00 0.000E+00 0.000E+00 6.572E+00 6.215E+00

74 L3  1.021E-02 3.573E-01 1.502E-01 1.313E+01 0.000E+00 0.000E+00 1.364E+01 1.328E+01
       1.085E-02 3.347E-01 1.527E-01 1.110E+01 0.000E+00 0.000E+00 1.159E+01 1.125E+01
       1.154E-02 3.129E-01 1.551E-01 9.381E+00 0.000E+00 0.000E+00 9.849E+00 9.536E+00

74 L2  1.154E-02 3.129E-01 1.551E-01 1.250E+01 0.000E+00 0.000E+00 1.297E+01 1.265E+01
       1.182E-02 3.049E-01 1.560E-01 1.179E+01 0.000E+00 0.000E+00 1.225E+01 1.194E+01
       1.210E-02 2.970E-01 1.569E-01 1.111E+01 0.000E+00 0.000E+00 1.157E+01 1.127E+01

74 L1  1.210E-02 2.970E-01 1.569E-01 1.269E+01 0.000E+00 0.000E+00 1.315E+01 1.285E+01
       1.500E-02 2.301E-01 1.643E-01 7.281E+00 0.000E+00 0.000E+00 7.675E+00 7.445E+00
       2.000E-02 1.585E-01 1.721E-01 3.369E+00 0.000E+00 0.000E+00 3.700E+00 3.541E+00
       3.000E-02 8.961E-02 1.772E-01 1.121E+00 0.000E+00 0.000E+00 1.388E+00 1.299E+00
       4.000E-02 5.755E-02 1.766E-01 5.081E-01 0.000E+00 0.000E+00 7.422E-01 6.846E-01
       5.000E-02 4.005E-02 1.740E-01 2.735E-01 0.000E+00 0.000E+00 4.876E-01 4.475E-01
       6.000E-02 2.959E-02 1.707E-01 1.645E-01 0.000E+00 0.000E+00 3.647E-01 3.351E-01
       6.953E-02 2.309E-02 1.673E-01 1.089E-01 0.000E+00 0.000E+00 2.993E-01 2.762E-01

74 K   6.953E-02 2.309E-02 1.673E-01 5.430E-01 0.000E+00 0.000E+00 7.333E-01 7.103E-01
       8.000E-02 1.820E-02 1.635E-01 3.740E-01 0.000E+00 0.000E+00 5.557E-01 5.375E-01
       1.000E-01 1.232E-02 1.566E-01 2.086E-01 0.000E+00 0.000E+00 3.775E-01 3.652E-01
       1.500E-01 5.909E-03 1.419E-01 6.999E-02 0.000E+00 0.000E+00 2.178E-01 2.119E-01
       2.000E-01 3.478E-03 1.304E-01 3.208E-02 0.000E+00 0.000E+00 1.660E-01 1.625E-01
       3.000E-01 1.628E-03 1.137E-01 1.085E-02 0.000E+00 0.000E+00 1.262E-01 1.246E-01
       4.000E-01 9.402E-04 1.020E-01 5.175E-03 0.000E+00 0.000E+00 1.081E-01 1.072E-01
       5.000E-01 6.111E-04 9.321E-02 2.987E-03 0.000E+00 0.000E+00 9.681E-02 9.620E-02
       6.000E-01 4.288E-04 8.624E-02 1.941E-03 0.000E+00 0.000E+00 8.861E-02 8.818E-02
       8.000E-01 2.443E-04 7.578E-02 1.023E-03 0.000E+00 0.000E+00 7.705E-02 7.680E-02
       1.000E+00 1.575E-04 6.816E-02 6.427E-04 0.000E+00 0.000E+00 6.896E-02 6.880E-02
       1.022E+00 1.509E-04 6.745E-02 6.151E-04 0.000E+00 0.000E+00 6.822E-02 6.807E-02
       1.250E+00 1.013E-04 6.095E-02 4.148E-04 2.900E-05 0.000E+00 6.150E-02 6.140E-02
       1.500E+00 7.061E-05 5.542E-02 2.958E-04 1.470E-04 0.000E+00 5.593E-02 5.586E-02
       2.000E+00 3.987E-05 4.728E-02 1.790E-04 5.192E-04 0.000E+00 4.802E-02 4.798E-02
       2.044E+00 3.817E-05 4.670E-02 1.728E-04 5.557E-04 0.000E+00 4.747E-02 4.743E-02
       3.000E+00 1.777E-05 3.720E-02 9.395E-05 1.350E-03 1.301E-05 3.867E-02 3.866E-02
       4.000E+00 1.000E-05 3.103E-02 6.169E-05 2.108E-03 5.313E-05 3.326E-02 3.325E-02
       5.000E+00 6.406E-06 2.680E-02 4.532E-05 2.770E-03 1.059E-04 2.973E-02 2.972E-02
       6.000E+00 4.451E-06 2.369E-02 3.557E-05 3.357E-03 1.626E-04 2.725E-02 2.724E-02
       7.000E+00 3.269E-06 2.129E-02 2.917E-05 3.879E-03 2.192E-04 2.542E-02 2.542E-02
       8.000E+00 2.504E-06 1.938E-02 2.467E-05 4.350E-03 2.742E-04 2.403E-02 2.402E-02
       9.000E+00 1.978E-06 1.781E-02 2.134E-05 4.777E-03 3.269E-04 2.294E-02 2.294E-02
       1.000E+01 1.603E-06 1.650E-02 1.878E-05 5.166E-03 3.771E-04 2.206E-02 2.206E-02
       1.100E+01 1.325E-06 1.539E-02 1.676E-05 5.522E-03 4.248E-04 2.136E-02 2.136E-02
       1.200E+01 1.113E-06 1.443E-02 1.513E-05 5.852E-03 4.698E-04 2.077E-02 2.077E-02
       1.300E+01 9.485E-07 1.360E-02 1.378E-05 6.158E-03 5.124E-04 2.028E-02 2.028E-02
       1.400E+01 8.179E-07 1.286E-02 1.265E-05 6.443E-03 5.532E-04 1.987E-02 1.987E-02
       1.500E+01 7.124E-07 1.221E-02 1.169E-05 6.707E-03 5.919E-04 1.953E-02 1.952E-02
       1.600E+01 6.261E-07 1.163E-02 1.086E-05 6.960E-03 6.284E-04 1.923E-02 1.923E-02
       1.800E+01 4.947E-07 1.063E-02 9.514E-06 7.414E-03 6.971E-04 1.875E-02 1.875E-02
       2.000E+01 4.007E-07 9.801E-03 8.460E-06 7.821E-03 7.598E-04 1.839E-02 1.839E-02
       2.200E+01 3.312E-07 9.107E-03 7.615E-06 8.194E-03 8.177E-04 1.813E-02 1.813E-02
       2.400E+01 2.783E-07 8.510E-03 6.922E-06 8.531E-03 8.713E-04 1.792E-02 1.792E-02
       2.600E+01 2.371E-07 7.989E-03 6.344E-06 8.840E-03 9.207E-04 1.776E-02 1.776E-02
       2.800E+01 2.045E-07 7.537E-03 5.855E-06 9.124E-03 9.673E-04 1.763E-02 1.763E-02
       3.000E+01 1.781E-07 7.134E-03 5.435E-06 9.387E-03 1.011E-03 1.754E-02 1.754E-02
       4.000E+01 1.002E-07 5.672E-03 4.000E-06 1.047E-02 1.194E-03 1.734E-02 1.734E-02
       5.000E+01 6.413E-08 4.734E-03 3.164E-06 1.127E-02 1.336E-03 1.735E-02 1.735E-02
       6.000E+01 4.452E-08 4.078E-03 2.616E-06 1.192E-02 1.452E-03 1.745E-02 1.745E-02
       8.000E+01 2.504E-08 3.217E-03 1.942E-06 1.288E-02 1.632E-03 1.773E-02 1.773E-02
       1.000E+02 1.603E-08 2.670E-03 1.545E-06 1.358E-02 1.769E-03 1.802E-02 1.802E-02
       1.500E+02 7.124E-09 1.901E-03 1.022E-06 1.473E-02 2.007E-03 1.864E-02 1.864E-02
       2.000E+02 4.007E-09 1.491E-03 7.634E-07 1.544E-02 2.165E-03 1.910E-02 1.910E-02
       3.000E+02 1.781E-09 1.056E-03 5.069E-07 1.631E-02 2.369E-03 1.973E-02 1.973E-02
       4.000E+02 1.002E-09 8.274E-04 3.795E-07 1.681E-02 2.498E-03 2.014E-02 2.014E-02
       5.000E+02 6.412E-10 6.849E-04 3.031E-07 1.715E-02 2.588E-03 2.042E-02 2.042E-02
       6.000E+02 4.452E-10 5.865E-04 2.524E-07 1.740E-02 2.655E-03 2.064E-02 2.064E-02
       8.000E+02 2.504E-10 4.581E-04 1.892E-07 1.773E-02 2.750E-03 2.094E-02 2.094E-02
       1.000E+03 1.603E-10 3.768E-04 1.512E-07 1.794E-02 2.814E-03 2.114E-02 2.114E-02
       1.500E+03 7.124E-11 2.632E-04 1.007E-07 1.826E-02 2.911E-03 2.143E-02 2.143E-02
       2.000E+03 4.007E-11 2.037E-04 7.552E-08 1.843E-02 2.967E-03 2.160E-02 2.160E-02
       3.000E+03 1.781E-11 1.416E-04 5.033E-08 1.862E-02 3.028E-03 2.179E-02 2.179E-02
       4.000E+03 1.002E-11 1.093E-04 3.773E-08 1.872E-02 3.064E-03 2.190E-02 2.190E-02
       5.000E+03 6.412E-12 8.940E-05 3.018E-08 1.879E-02 3.087E-03 2.197E-02 2.197E-02
       6.000E+03 4.452E-12 7.580E-05 2.516E-08 1.883E-02 3.103E-03 2.201E-02 2.201E-02
       8.000E+03 2.504E-12 5.839E-05 1.887E-08 1.890E-02 3.124E-03 2.208E-02 2.208E-02
       1.000E+04 1.603E-12 4.768E-05 1.509E-08 1.893E-02 3.138E-03 2.212E-02 2.212E-02
       1.500E+04 7.124E-13 3.295E-05 1.006E-08 1.898E-02 3.156E-03 2.217E-02 2.217E-02
       2.000E+04 4.007E-13 2.533E-05 7.544E-09 1.901E-02 3.166E-03 2.220E-02 2.220E-02
       3.000E+04 1.781E-13 1.747E-05 5.030E-09 1.904E-02 3.177E-03 2.223E-02 2.223E-02
       4.000E+04 1.002E-13 1.341E-05 3.772E-09 1.906E-02 3.184E-03 2.225E-02 2.225E-02
       5.000E+04 6.412E-14 1.092E-05 3.018E-09 1.907E-02 3.187E-03 2.226E-02 2.226E-02
       6.000E+04 4.452E-14 9.231E-06 2.514E-09 1.907E-02 3.190E-03 2.227E-02 2.227E-02
       8.000E+04 2.504E-14 7.080E-06 1.885E-09 1.908E-02 3.193E-03 2.228E-02 2.228E-02
       1.000E+05 1.603E-14 5.758E-06 1.509E-09 1.909E-02 3.194E-03 2.229E-02 2.229E-02
